100
-85 87 -49 91 40 -87 -31 69 -31 59 -74 13 94 -55 -70 -51 34 72 23 25 -5 34 -11 -85 11 53 9 -16 -96 -49 51 -63 70 -37 -94 58 3 -99 -59 -68 -32 -80 81 54 -82 -19 -79 -61 9 48 16 -76 55 77 -92 -59 99 -53 -56 17 -36 86 -42 -16 62 -70 -24 -58 20 -74 -6 -44 58 -1 94 -17 -68 -57 67 46 36 42 -2 87 -8 72 59 74 99 -30 88 53 -68 -36 32 -95 -88 76 45 53 
100 -96 -81 -73 28 85 -56 -11 89 -73 48 20 21 90 13 -47 48 32 -76 -23 -14 -41 87 -91 91 82 -55 22 13 -23 -91 -49 -77 -40 -80 -24 29 65 -64 -77 2 10 -65 -47 43 -71 15 -2 -61 -29 32 48 97 38 98 55 -2 -78 -3 -7 -78 -80 83 38 36 -2 28 -23 -9 -88 98 70 -33 88 44 79 -69 -17 79 -55 44 94 -89 47 -54 27 1 -5 73 -38 -96 28 -38 75 -3 -44 60 -82 81 -49 
5 94 -38 -37 -64 30 95 -17 -94 -34 1 -39 12 -4 -84 52 9 56 -4 92 12 84 -4 87 25 -93 14 -8 68 13 -62 60 -63 -24 -14 -32 -53 -99 28 -23 -57 97 92 62 -34 76 15 100 -74 -77 6 -73 -26 -60 21 54 -17 -26 0 77 23 -17 93 4 12 21 -51 -90 88 -27 6 -60 -8 78 -15 97 90 -85 0 -25 -81 -63 63 -49 -5 0 -43 -23 65 -75 -49 -7 -59 -97 31 49 31 -26 -53 52 
-82 98 5 84 -37 -95 37 -40 45 95 88 -7 -30 -99 -77 44 -35 -89 -13 34 69 -86 -25 -42 -82 54 78 -29 -34 81 -1 91 84 -77 30 -47 -48 75 -95 0 -52 -8 97 19 33 99 61 -61 57 -75 -81 -43 -34 -17 -100 31 -84 100 -27 -79 -48 81 34 -11 75 99 93 52 10 -21 -16 -4 4 -25 77 68 31 -75 66 -1 -100 85 -13 10 97 57 81 -79 -44 -88 70 -30 93 7 -94 -73 66 62 32 26 
-47 92 -16 -19 69 1 95 94 44 49 59 41 14 24 26 9 -32 -32 -32 -16 -60 -46 -54 -48 62 -15 -16 -46 99 39 97 56 -19 -3 -73 28 73 23 38 -13 -55 50 59 -74 -41 -36 -99 -88 56 36 -36 10 31 65 -9 31 -92 43 -43 -65 84 63 -29 71 52 -49 -39 53 21 -4 1 -7 -49 -2 20 -46 -19 -65 -96 24 6 81 -41 36 68 99 16 -82 39 79 38 12 -14 -47 -61 -49 95 -78 -60 17 
-16 62 -86 91 64 45 17 74 -5 -47 -72 -13 30 7 -13 -55 -49 92 60 80 40 -87 -50 -63 67 -89 -91 -93 8 -33 57 -82 91 -45 -89 19 49 50 22 76 -19 26 95 -7 -96 24 -24 67 52 82 -36 -100 54 42 -56 -67 29 -43 24 -97 57 36 8 11 -42 9 -42 41 36 -38 -46 -5 -17 -48 -55 -32 -4 19 3 -33 13 88 7 -66 2 63 -18 54 61 87 16 50 75 -29 7 -10 57 -56 26 -29 
-69 21 29 100 -83 -59 40 -1 13 -14 35 64 -59 -57 69 70 -26 59 -53 -6 12 93 64 -19 73 -89 5 -20 -76 77 -84 -22 8 -32 -4 -75 -22 -25 -52 -97 45 18 -31 6 21 51 58 -65 23 19 37 99 6 -40 -57 -100 18 83 49 -38 -14 -75 46 -45 99 23 -91 21 17 41 68 39 -50 77 27 -100 95 22 93 -95 -26 17 -15 -42 28 81 74 -55 52 19 -85 -31 -84 -12 45 -39 21 -83 -43 10 
-46 -84 16 -84 -44 49 -57 96 85 60 -74 98 22 22 17 1 -58 19 65 -11 94 -72 -96 57 68 -38 -32 -25 -56 69 31 -62 -15 -24 24 -7 62 91 -33 -32 -36 -37 -80 -19 -76 -97 -98 98 68 -49 -37 56 10 -74 23 -59 58 -49 87 -67 25 -22 -43 -100 -30 -16 -55 59 22 67 77 -37 -2 -79 54 -46 20 12 -90 -31 10 41 27 -80 59 24 8 -26 -26 31 91 -77 -33 56 64 38 43 -98 45 56 
-27 -77 -42 -52 100 -89 -79 -30 -2 2 44 -18 22 43 -54 83 54 -81 -93 -43 -27 89 94 -46 66 4 10 -67 -4 84 14 65 19 -90 28 46 67 -85 -49 -74 -65 15 14 -67 47 -97 5 5 -24 0 88 -75 84 -2 22 3 -33 11 -27 19 100 76 -40 -84 21 -28 10 22 -46 -99 -26 55 68 96 53 83 79 -26 -69 85 -15 -38 44 -29 -3 18 18 -26 93 -38 41 -42 92 24 8 -29 30 -63 -46 77 
97 40 51 -57 -3 -27 -83 -88 -3 -11 60 65 4 -24 -20 15 73 20 51 -81 29 36 32 77 -23 50 -88 -42 43 -62 26 70 81 82 52 -91 100 72 78 -37 -68 78 -62 28 -78 -76 21 38 -48 56 -95 39 -53 -93 65 -77 31 100 26 -77 44 -11 -92 89 -16 -18 71 30 -77 -82 -85 20 97 -31 -56 6 2 -25 11 51 -74 -28 -16 75 -39 -57 4 -91 -10 78 -64 72 -30 12 10 74 -66 88 24 -88 
-28 -77 -52 -94 -36 -12 72 -23 69 -11 -88 -85 -35 16 -91 -95 -21 2 6 73 68 -82 45 -53 -61 19 47 9 -63 -64 44 -86 -68 -8 4 82 89 32 -67 49 -76 -75 15 -59 -91 17 -83 -38 58 41 -40 -96 -54 -83 -30 46 37 -94 71 -80 67 69 75 -69 48 -78 24 66 78 24 -50 93 -65 22 -92 65 68 15 77 21 31 -94 69 -57 -23 -19 -43 -3 -92 71 29 76 59 2 87 18 -52 20 74 15 
11 56 -22 -94 35 39 -82 89 13 26 56 -7 -92 -60 64 -37 -26 16 58 -25 -27 6 11 -15 -73 60 72 -50 9 68 -63 -73 52 23 78 38 -69 2 84 45 -15 73 -46 -64 56 -18 -12 -15 19 -99 -56 -100 27 94 9 15 -51 -46 28 70 -10 -56 -86 40 10 15 -58 -17 92 45 -47 7 -97 -35 91 58 18 -42 -7 79 76 -68 -78 38 22 13 -60 -39 69 4 -9 44 17 36 35 51 -20 -86 74 -20 
-36 -1 17 -95 -50 -96 -2 -98 -100 90 -31 -54 -38 -21 -100 -4 86 -62 38 66 -93 100 -5 100 -15 2 27 80 -81 -10 -6 6 -46 -30 57 -96 -32 96 29 -35 -20 98 -90 -57 -29 -82 12 -71 -90 -73 63 23 -50 -52 -96 -13 -50 12 -42 -93 56 -77 48 -19 42 -19 -8 15 80 -71 -44 77 -100 -11 -64 65 71 17 10 -70 -41 -55 81 -46 -55 24 6 26 -51 -76 5 -51 82 -34 -5 -20 -23 -65 53 84 
81 -11 -32 12 89 72 87 -46 82 -66 61 39 70 43 86 53 -80 24 -3 62 -24 87 53 68 -37 -20 9 4 76 29 -11 19 15 60 76 -100 -84 -63 -91 95 -96 -80 -42 38 45 -27 -18 -80 -40 22 -8 80 4 -53 -70 -31 -66 12 -100 19 23 -39 75 -47 14 -88 -98 8 -62 90 83 8 -89 26 -98 51 43 -37 10 31 33 84 -69 34 -28 49 -34 2 97 -84 76 -84 76 -89 88 82 72 -88 -97 -65 
83 -95 1 76 -62 94 -70 -45 12 -42 -93 95 -42 82 -32 -10 -21 13 7 -40 24 -82 -25 -59 53 -33 -51 23 55 31 -60 44 34 67 -22 98 83 -43 80 -42 62 -14 -53 51 35 65 89 -17 100 -29 35 85 -52 59 53 76 -54 -97 77 58 88 11 96 27 56 -57 35 -52 -74 41 21 23 59 -40 -90 -100 38 96 69 -23 -18 -52 -73 45 -15 -45 -15 55 -77 -14 12 98 -27 8 79 -77 -31 8 -70 -80 
-91 -29 28 47 54 -99 -98 87 -8 9 -60 88 38 51 -100 -22 -96 37 60 -51 -97 -22 25 -95 -21 -32 0 -78 -30 14 -74 -36 -53 -35 9 77 59 -81 -58 80 1 53 -81 -26 49 89 85 45 -43 -93 -8 -21 -10 -64 93 84 49 18 13 -46 33 22 15 69 10 31 84 -95 55 18 -22 21 41 58 62 26 -44 -34 -82 55 62 -16 -95 98 49 6 -78 86 -12 97 69 84 89 -20 99 65 -49 -28 -15 61 
-1 90 67 67 -45 53 37 -3 90 78 -35 72 -14 54 -52 22 -85 40 -73 -8 63 -77 -56 -71 30 -71 -3 35 93 -12 82 24 3 -77 -15 34 46 59 -75 -30 -70 -89 -84 -12 0 -76 99 -8 -1 -34 44 -53 30 19 44 51 -61 2 64 100 18 66 -60 13 -35 12 31 -18 -99 86 48 -20 -69 45 -31 -49 12 -30 -68 4 61 16 -62 -68 91 95 -23 -50 55 30 -52 19 -21 -3 -41 -10 -70 -78 25 14 
-41 -56 -88 0 -75 -39 51 -58 17 -15 54 -14 53 -77 -22 -40 -63 52 -24 78 -16 -59 43 7 -99 -45 -44 67 -62 -64 98 70 -62 33 76 -52 97 28 -9 1 70 -59 93 32 83 97 58 -98 -88 -10 -97 26 -94 -57 36 -88 -20 -91 -44 95 -26 15 -98 -61 27 -44 94 88 11 -89 -42 -8 99 6 86 -45 33 56 -6 73 37 4 24 -77 -37 -49 -46 36 71 34 21 64 3 18 13 57 73 -100 -47 25 
3 -38 22 43 100 -58 96 -79 -59 2 -81 20 4 -16 28 53 74 -27 -73 -87 -89 86 11 -79 -40 92 -75 95 4 46 46 -92 -33 38 -21 -92 -59 -95 2 50 36 34 82 -60 -40 2 29 31 -78 -98 15 -72 96 17 22 -52 -54 96 46 -25 12 -27 -3 36 -25 82 -47 -2 -50 52 -95 -12 95 -52 57 84 -61 -61 -52 26 -39 -65 -13 -88 93 -29 -43 -35 32 -41 -97 65 -53 51 37 44 63 -66 -34 -43 
-70 -79 -81 -57 71 37 -80 -73 33 61 -57 -50 6 -49 -58 -66 36 99 -55 -53 54 -79 -52 -37 -53 44 31 -85 32 -75 -23 78 -52 52 -20 49 99 70 92 8 0 26 -32 61 59 -66 94 -91 -65 -70 -67 9 16 -91 -60 -75 9 -92 50 -32 64 83 56 -93 -47 -22 45 -8 60 -71 95 89 78 96 13 -60 66 -43 -38 -3 61 -7 80 11 -100 -58 -32 50 -7 1 -13 79 96 -74 -8 14 -53 19 88 10 
15 -21 -36 -2 -35 -88 80 -59 -36 -15 4 -7 -51 11 -23 -52 50 -58 35 64 37 66 -46 55 49 68 94 31 5 -95 99 71 -4 90 73 -18 31 -80 -9 -50 46 84 -17 -46 29 99 17 -30 -22 -89 72 -41 -57 42 84 59 -8 15 -9 19 80 -64 85 87 4 5 100 -45 -88 -43 -12 -15 -21 1 -6 -36 -38 -30 23 -33 -36 -44 -95 -39 -15 59 -76 -18 -20 -25 23 98 -21 29 84 -71 1 -12 50 64 
-87 58 -71 23 -6 -16 32 -40 -90 -80 35 -31 69 68 -97 -63 -97 51 47 78 38 40 61 19 -12 82 -64 -3 -77 -31 34 -100 15 35 95 -16 96 -17 30 -83 83 57 -91 -50 98 -55 -50 -1 -93 -65 39 -73 -60 -6 89 -22 60 -15 -84 42 75 -1 96 93 54 -86 -25 -82 59 26 21 60 -30 68 -71 41 55 -35 33 -91 79 30 -94 67 53 -80 5 25 14 32 -97 -45 -66 -4 -6 -72 -46 -90 94 37 
14 51 -24 48 -78 35 -21 96 87 12 74 63 -39 38 71 -35 96 2 32 42 -60 -100 9 -30 -69 -3 -1 -77 87 19 -21 86 77 69 -29 -12 -28 39 -21 -73 -80 55 -95 -91 -32 65 -23 44 -41 -96 -94 -36 -9 69 -50 64 88 -93 -93 52 -95 50 -13 -44 -73 9 10 44 2 -51 58 84 54 -44 85 -71 -8 3 90 74 -86 -3 92 -39 4 5 72 -29 -23 -50 39 -81 -71 -16 90 78 3 76 1 2 
-20 35 -24 68 -51 77 82 64 -19 -54 90 -54 -17 -73 -32 54 72 -30 -62 -48 -50 24 13 -22 -52 15 75 30 -73 -29 -9 -94 -63 -39 92 -92 45 72 86 91 -44 -23 75 -80 -26 50 22 -96 -50 27 -78 18 -72 -66 -10 -69 18 -73 -47 -60 83 100 -73 38 -31 -32 3 -4 -72 85 16 17 13 -31 -31 -9 45 18 72 14 84 20 22 -81 -15 -24 39 -84 59 83 -46 66 21 -52 93 -75 38 -84 -85 60 
-17 -43 93 -84 -97 -2 -97 95 -58 -43 57 -62 -32 -5 63 -37 -18 -72 -58 -82 75 62 -78 26 62 -96 73 -55 -11 44 56 -38 -57 25 64 95 69 -79 36 -91 -39 -85 27 64 -27 -8 74 -7 -60 79 12 -34 -77 14 -71 -30 99 50 -22 -95 -75 -21 67 -80 -85 -90 -3 96 -9 8 -58 66 -10 3 -56 32 -55 37 -86 -16 52 -3 70 -60 -68 -98 53 -12 -13 -45 48 63 19 -45 13 93 -31 -58 83 -75 
48 -99 20 -76 60 53 -92 -78 -15 -38 52 73 81 -41 68 -53 -96 75 -3 -68 -42 86 25 -70 -91 -3 -19 -19 -36 -69 19 17 70 49 78 9 -8 -32 -71 62 68 -13 -12 -68 -50 -82 61 -50 -91 72 83 -22 6 7 -24 44 -88 -82 67 28 99 -8 27 47 -41 97 -60 -32 -42 -35 -78 18 49 -80 23 -17 -35 -64 31 -44 91 37 53 64 97 -31 94 1 8 -73 -1 31 -35 -82 51 -47 95 67 70 1 
-83 -57 -54 -7 37 -31 87 -19 -16 -37 86 9 46 88 69 48 -38 -79 75 31 45 31 -96 -88 -85 13 -48 91 -97 -4 -72 58 -19 97 -40 56 10 -60 -63 35 48 37 43 4 60 -43 -93 -41 -95 -93 -45 12 -61 24 -53 -41 63 70 -92 90 -88 100 6 23 37 -88 49 -99 33 17 -64 -11 -38 -100 34 76 66 -34 -42 -52 4 60 66 69 76 -99 -93 -16 96 -39 17 -10 87 -2 3 -76 -53 -30 14 70 
15 -2 70 40 97 -15 -75 0 84 16 46 -81 91 12 75 -42 -89 46 -22 -46 76 80 93 -91 76 91 53 -56 -75 -42 -25 -54 -52 58 -61 -80 -8 15 85 5 -7 18 2 -75 -22 82 -40 96 -31 32 -30 -25 32 87 74 -22 5 -15 92 -4 -26 32 -23 -31 91 -22 -29 -91 -34 3 11 -48 -59 67 80 -47 40 91 29 -67 47 33 -81 -94 -51 -52 11 -8 47 79 87 -57 53 68 -30 10 -26 -79 11 36 
87 65 -84 -45 -49 62 -46 -64 30 -50 88 -36 -6 24 77 -66 3 -71 79 -18 62 -39 17 -5 93 14 38 -18 -10 56 -82 64 11 11 -67 -37 -85 89 -96 -47 55 61 74 -66 -46 -44 -90 0 -87 -24 -32 25 -30 9 88 99 -12 -76 -22 50 2 -65 -36 -95 -48 -65 -91 -18 -20 19 54 28 4 -76 52 19 -85 -16 -93 -9 -9 -62 91 40 -36 11 -95 -52 14 -55 98 24 -54 -86 59 11 99 35 21 47 
-21 -61 -80 -74 -73 -71 -11 53 -48 62 -15 -71 -98 -45 -30 -12 100 -75 -82 -18 7 -79 37 -51 22 -65 -90 -12 -1 -4 -52 45 -1 -96 56 -44 52 -34 -17 100 -2 -82 63 -15 87 66 62 83 -87 -76 -19 -17 -32 -28 -50 -87 -100 -70 61 -30 -20 -6 -95 -93 9 -11 24 -29 -42 8 37 82 58 99 86 78 -50 -8 -75 -35 -8 -36 -35 74 81 -64 98 68 -79 43 62 45 -69 -84 12 3 42 39 10 -33 
15 -70 92 -44 6 -71 17 63 71 -42 50 -61 8 -2 -34 -76 78 -74 79 -25 92 -12 83 49 -83 -84 -83 -55 -10 -99 22 91 -55 -96 -11 -77 -14 -67 43 -60 -8 77 38 -66 94 -32 99 -50 76 -43 2 75 92 89 -72 -50 -35 70 -21 5 27 26 71 18 46 -16 -99 36 3 24 -36 55 28 -41 11 -59 55 18 94 -97 -47 -61 86 27 67 58 -4 62 71 -75 87 82 -7 51 2 -18 -20 -74 -87 -30 
-53 -89 3 97 58 -88 16 -15 -35 83 96 83 -35 76 86 -54 28 3 -77 55 7 -69 35 -79 -11 -2 82 -45 -17 -17 32 75 -41 -97 -5 -100 -60 -73 5 -67 -39 84 75 -62 -74 52 63 -11 59 23 -49 -73 98 38 -51 -88 -3 95 -22 49 60 96 -26 -82 63 94 -4 46 87 94 58 93 52 -53 24 52 22 66 1 -47 -88 18 -42 32 59 76 59 97 58 -38 -12 -71 -20 94 -7 -78 -66 -31 86 43 
93 2 -24 31 -82 -17 -56 -41 12 -4 0 81 9 66 23 60 -41 -17 -73 -48 84 8 39 -3 85 -86 45 -44 -56 24 -41 -34 -88 -78 78 -53 -90 -100 62 -68 22 19 90 60 43 60 50 43 39 -23 30 0 56 37 50 -6 84 -24 10 -73 -98 -67 -68 19 68 34 -5 78 40 4 22 -4 -63 9 -2 21 -38 63 -38 -34 -88 -22 -42 4 22 55 -14 21 48 -7 93 -18 -96 -30 -67 -47 61 -6 80 -79 
-8 -12 89 -98 29 -75 -12 -62 2 -47 -97 -53 -45 4 32 -20 -91 46 11 -97 34 -19 2 -72 -83 -7 -82 63 -46 -32 7 5 -78 -55 -62 -33 -78 22 41 28 58 -3 36 62 -83 -47 76 -19 100 -2 -75 22 51 48 -17 -5 -38 76 54 -4 -24 7 -34 -94 47 -46 74 36 20 61 47 -44 85 42 -68 -85 -86 27 40 98 51 94 -75 -100 81 -20 -17 73 -51 60 -69 -77 -70 59 72 43 69 92 10 -97 
86 81 30 27 -74 -59 1 59 32 -76 3 81 90 -92 47 5 81 82 88 86 36 -3 -43 -21 -12 -40 -57 79 -64 34 91 -91 63 19 -92 -13 85 -61 58 1 -75 30 -57 -89 10 6 -67 -60 -30 -71 74 5 63 -71 -38 31 84 47 -61 -74 85 43 69 -71 51 -93 -51 32 -77 78 -69 -22 17 21 -28 22 69 -52 57 66 43 5 71 49 -63 94 -14 91 -70 -54 -78 -72 3 -25 -83 -2 -72 83 -81 -1 
86 -17 81 -19 96 78 -85 77 5 99 95 77 -51 89 95 73 27 -86 90 -79 -2 -13 78 80 69 86 33 75 -59 -51 -99 -28 79 88 -20 -69 -71 61 -82 2 22 -9 -43 13 -75 38 -96 -17 -23 17 -37 26 -62 -25 -97 28 -91 19 29 80 96 34 -89 65 76 3 -81 -93 38 -57 38 -49 -23 -15 -47 64 -35 21 -38 -79 -100 12 -90 46 -43 20 31 45 28 11 -65 63 -25 -64 75 56 -69 -51 9 -71 
-76 -28 67 -69 14 3 36 -56 35 84 54 80 -20 -83 43 -31 42 -70 -6 64 0 -96 -1 27 -74 -34 40 -48 -46 -74 -21 -47 59 98 98 -9 -57 -18 -37 -61 67 -20 95 88 54 -67 -98 -72 -57 4 60 54 65 -87 88 -81 72 -93 -35 13 -73 -65 -18 83 70 -28 -47 26 31 46 -94 62 -42 -47 92 33 53 56 49 5 -20 20 5 21 -72 72 96 19 99 54 -58 -67 -95 -21 -18 -29 -32 -76 -30 -40 
34 -91 70 69 -8 -62 3 27 -49 75 57 17 42 76 -78 30 -20 -14 -72 -31 60 -8 -32 58 8 38 -38 13 -79 -15 10 -20 -46 91 63 64 1 -39 87 43 17 -19 -72 -69 -13 -57 32 -17 52 69 -96 -65 -22 -4 -35 -28 22 98 -71 -62 71 89 39 -92 77 88 -78 96 -7 -55 -79 80 -38 -52 67 49 38 90 72 17 74 -83 -25 42 52 33 -32 -92 10 -71 -88 27 -65 38 -41 12 -49 -2 -99 -46 
-49 -88 2 -2 -20 -49 -93 29 -12 91 92 -76 26 -69 98 -49 45 -31 -56 -60 95 -93 -56 -93 -18 -42 -15 -6 -2 -75 71 -26 19 -32 -45 88 -60 -49 -91 63 13 -4 64 -61 -46 100 51 66 79 -40 -29 -9 72 -15 90 -61 69 56 40 20 -90 -55 -77 33 -90 -80 -90 95 -34 -82 -63 92 34 -38 82 -68 -8 4 40 -67 63 59 38 13 10 -66 32 44 9 19 -14 78 35 -60 -32 -48 -88 68 -73 2 
61 -5 78 -2 -51 39 -48 33 -78 22 82 57 57 8 58 23 36 92 64 69 -11 50 -20 16 0 -11 -66 -100 76 -4 -24 32 84 -64 43 4 41 -40 10 -8 10 -74 19 68 -98 54 71 56 -42 10 -97 19 -37 35 -78 -82 -98 -46 -35 -15 22 0 -45 63 -17 81 -43 85 -61 -35 100 28 -17 82 98 -46 11 -80 28 19 44 27 91 29 50 -46 12 -91 -99 -100 24 58 -63 49 73 0 -46 -41 -34 -41 
52 -19 -14 -18 32 47 1 29 -56 36 -1 43 32 71 -22 -14 -57 86 -23 -34 34 81 -99 -79 -11 25 60 13 77 -90 33 74 -43 27 -42 -42 31 -31 18 -27 54 -75 -23 -93 -66 67 -66 -78 -90 -13 65 -93 -6 -55 -1 -92 99 94 -38 -98 89 47 -57 38 -2 20 14 86 -88 1 63 -5 53 -5 67 37 22 -64 -40 16 -28 -66 37 -16 -45 -62 -64 -91 -31 -90 -46 -94 5 87 94 1 92 -28 80 -45 
75 76 64 47 16 -42 95 -97 50 -9 57 -26 -75 77 -29 -90 -45 96 -41 -46 56 29 -80 -80 -99 -55 -91 39 -82 -20 -3 -12 0 -72 -21 34 -3 17 8 16 19 -60 64 69 -54 62 74 28 99 42 -82 10 -2 -90 61 81 -67 -80 30 -4 -76 45 -77 54 20 91 -29 -4 18 63 77 -73 23 84 22 98 -37 40 60 -66 -37 8 98 -10 1 81 -93 -42 -91 -85 -89 47 -62 51 -57 72 -52 79 28 -75 
58 86 77 41 11 -89 2 8 85 42 -32 62 -11 12 -7 -35 35 -13 -99 -20 -74 13 27 -89 -54 -6 49 -11 67 12 -48 -45 77 -37 -88 0 5 -85 93 -100 -23 1 -38 84 95 58 -78 -74 35 -52 0 11 -71 -94 77 50 -100 -61 -43 10 -85 -10 -25 -49 1 84 6 89 93 -23 -10 0 90 -56 -92 -70 55 -41 15 29 -89 0 88 -43 -52 72 -31 70 -67 66 -94 -15 -86 -77 -60 -61 -81 -93 95 39 
31 -29 27 99 27 -18 9 -34 -76 -92 26 -43 -50 47 -40 -33 74 -19 43 -67 -63 41 48 -6 -56 -97 -94 85 94 -1 46 28 45 -28 -63 -91 -31 -63 -29 -3 22 -98 -72 -48 -13 -88 -63 48 68 94 46 -76 -30 15 52 -21 -33 22 -47 87 -41 16 26 71 35 36 87 -92 72 -87 31 86 -62 -71 -87 -15 44 90 61 29 -39 82 -51 92 75 49 -83 -95 -1 -42 -11 -4 -82 -82 -65 30 -34 20 53 97 
40 -94 -62 -77 -78 -37 -13 -18 100 -18 78 3 50 -11 -58 9 49 86 -56 -2 -70 -3 -78 13 -70 -63 -7 7 68 -22 37 39 -31 11 -38 54 -95 -17 -19 12 -88 84 66 88 -95 67 30 9 56 -33 -28 -75 -77 4 96 72 -67 26 -77 -40 46 -52 55 25 -94 16 91 61 77 -44 -64 80 2 -27 16 64 -46 -38 44 -39 44 29 -62 -15 5 41 67 48 42 6 -14 74 65 -21 -63 -95 81 -1 30 -25 
-98 40 -72 -59 57 -65 44 -59 -82 -100 27 79 -88 94 -82 -66 75 -26 9 -24 -81 3 -52 -12 -33 97 -52 62 79 -65 6 72 -83 -8 31 91 -64 -55 -22 -25 -45 -88 45 -81 -57 85 95 -32 98 49 -82 21 21 50 -96 -17 66 -77 -46 25 63 -100 -37 62 -82 -37 -43 -28 70 63 -33 78 -85 23 -24 -19 -23 23 -34 -81 -97 -86 -1 98 -50 45 60 -9 -72 85 53 69 -38 48 -29 -92 -29 95 20 -33 
53 54 83 -11 -88 48 -70 -80 26 8 -41 75 1 7 91 56 89 4 -61 -33 11 -9 -51 8 76 39 0 14 21 -78 -38 4 48 -27 -94 99 -84 -5 14 -85 81 54 13 -43 -34 -36 40 100 -12 32 -8 -69 19 43 -28 9 69 24 -42 33 69 -19 -53 -44 -8 -35 -59 42 -12 74 -22 -92 89 48 -6 -58 28 11 -81 -21 -34 -83 -18 -63 -56 51 80 -30 -23 41 64 48 -12 -15 -49 43 -12 74 18 96 
38 73 -20 -34 -34 -16 75 38 -93 -32 10 -31 -95 -52 -7 83 28 8 30 -55 10 28 58 -4 -67 59 -32 14 -97 36 82 -17 51 -11 -13 -85 2 -54 -48 -98 -21 51 20 -88 74 -92 30 -91 -3 95 9 -77 -67 21 -9 63 -94 -84 18 -16 -14 81 -14 67 87 10 2 -79 56 -87 47 35 90 70 78 -19 84 82 9 14 43 -99 26 40 90 -56 43 66 -5 56 -67 -9 39 -70 -91 -44 71 -97 38 87 
-43 -40 97 -16 -47 23 -79 89 -67 28 -24 16 23 -6 -100 -21 -9 12 -93 72 -54 -15 -36 27 40 2 -37 -95 -15 55 -70 67 97 42 -54 -63 -43 -96 -83 -97 -14 14 82 -5 60 -47 80 -36 -80 -59 0 -11 -20 -14 -16 35 -63 7 -42 5 -95 20 -77 53 34 28 -27 -77 -43 -87 50 30 -29 3 9 69 -51 -68 21 -43 -80 -69 49 -22 -18 -46 86 83 46 -50 30 1 -53 -31 91 -9 -91 65 71 23 
69 22 -87 19 -15 39 -49 -3 -40 97 0 72 9 90 -94 33 -83 -36 -22 -3 47 -71 35 77 -79 44 -74 -37 24 2 41 -45 89 12 -70 -32 98 68 25 -16 24 -13 -75 -34 -31 3 -56 -6 0 89 -12 -54 -5 -68 -54 59 87 2 -71 -6 38 -21 23 77 78 57 -67 -94 -47 -71 66 86 -61 -45 -100 36 -36 -37 43 -57 -69 6 62 38 -85 55 62 16 -13 -21 28 51 3 30 62 5 -42 -79 -17 20 
-50 -37 23 -7 -17 -65 74 20 -92 -49 21 19 77 -32 -34 -82 -4 65 -11 64 20 -89 -26 49 -87 82 -78 -18 -68 -43 -52 36 62 -17 -34 40 90 62 -4 11 94 37 -3 -12 61 27 89 -4 -10 43 60 -35 63 -75 -74 49 -44 -42 84 -89 60 -81 -67 18 34 -79 86 8 71 60 37 36 -10 -4 13 71 -16 44 22 3 34 -50 -80 -81 63 -50 68 56 69 -27 -37 -77 86 -41 40 -13 -20 -17 95 -79 
2 51 -4 68 15 84 41 -81 19 51 -1 31 16 51 -57 -30 21 91 4 4 -30 -60 68 1 5 10 10 90 -16 79 11 46 24 -60 77 24 -26 64 -47 47 6 93 55 98 11 -99 8 12 25 72 -51 -6 -61 -46 53 -27 92 7 -17 32 88 6 -9 -100 -42 41 -92 -29 30 -21 -44 -1 41 -11 51 -15 43 -51 -69 -23 23 -20 -52 56 27 20 68 -92 92 78 -71 57 -91 71 96 37 86 54 -55 -98 
-82 -25 -30 -39 -90 -24 63 9 -82 -65 26 46 28 -73 53 -38 54 22 -3 -74 4 -60 46 -49 45 51 -92 53 -42 70 55 -25 -57 88 29 -22 56 62 -10 19 7 95 -56 32 -68 -2 -55 36 14 -59 41 -26 -80 -83 -75 46 44 30 -71 -10 -8 -22 -84 80 -16 55 96 -82 -11 61 -51 31 60 -41 38 6 89 82 -85 -59 54 68 -93 57 -25 -93 4 20 27 -11 -17 -58 85 62 37 51 75 94 37 -86 
88 -16 71 -14 -30 -53 -3 80 -81 49 84 90 -90 -35 40 17 -5 16 -80 90 -100 -2 7 30 -12 -1 -57 70 27 -75 55 -72 11 22 -88 -28 25 -22 16 -4 -86 -24 -27 24 72 97 -11 -53 61 -55 -61 16 -87 21 62 42 -67 52 -25 63 25 -40 62 -30 70 -30 38 26 70 63 9 -38 42 -65 -55 48 5 27 21 -21 -78 -26 -63 -95 -98 -94 -81 -21 8 87 93 93 14 -91 89 98 54 12 45 -73 
-84 -92 21 7 -71 -24 -33 0 -62 2 -61 88 6 -10 17 7 64 17 85 -81 -10 -40 78 -29 -95 -37 86 2 22 -63 -56 -4 -51 -93 4 26 71 -42 28 60 75 -20 49 88 0 77 -98 -80 -26 -4 -32 -42 -98 -71 -77 54 -7 26 -79 32 96 -88 -45 98 -75 -47 29 -67 42 -68 -68 -47 -13 -12 -26 53 69 95 -81 -17 -42 -24 100 47 47 24 56 40 -72 82 -11 -34 74 -93 -68 47 -38 38 93 -85 
70 -69 -93 -47 15 -34 63 81 39 -84 35 66 -71 -6 -65 -19 3 99 -97 -30 -68 9 -15 41 18 79 -58 -7 -50 38 -96 -25 69 -6 1 75 55 -53 -10 -77 3 -4 18 6 -37 -24 43 -7 1 -26 -79 35 -3 -15 -55 -80 59 -11 63 32 -50 -82 100 -26 4 -51 79 72 -4 45 -67 -18 -72 -13 67 -31 -100 -58 -81 -33 -54 79 -14 -42 87 74 14 -73 -4 -11 -2 3 -9 -43 20 16 -75 19 19 52 
79 80 2 92 55 -64 -12 64 -45 4 -34 30 31 31 -10 16 -76 42 46 22 -100 10 74 96 64 -93 -61 51 -59 25 -75 57 -86 -44 12 -64 83 81 16 -51 -97 -28 -87 -56 86 45 43 28 15 -59 31 4 -90 -2 33 39 -61 30 40 62 27 -35 -84 80 85 84 -93 34 -13 57 2 27 98 -57 5 -78 31 -68 75 -47 22 -73 68 -73 24 78 27 -100 -53 69 26 88 38 54 -62 43 -58 -46 -50 -36 
2 87 9 35 60 -81 9 28 49 81 29 93 -24 43 -26 75 -70 -22 37 96 -11 67 -68 2 90 85 -65 37 11 -43 -83 -69 44 -5 -63 72 68 -12 12 -49 -5 98 82 -100 89 21 92 -7 -37 15 65 -13 -53 -41 90 -71 -28 45 98 72 -23 -19 -94 1 87 -3 76 -44 -11 -74 5 37 -13 -33 10 -29 -67 93 71 54 -58 95 -84 74 50 -23 -34 37 -70 -74 13 -81 95 -5 -63 70 -18 99 -38 73 
37 13 -82 71 11 69 23 35 42 -13 96 82 -59 -67 33 9 -90 39 -59 -77 100 -98 93 84 -7 84 -57 86 41 -93 -65 -63 14 20 -11 91 -71 -21 -50 -29 -64 -82 56 -59 -80 21 69 -23 -95 -34 -92 55 62 -53 -23 15 63 2 -26 31 53 14 -39 8 79 9 -20 -37 65 66 19 8 90 4 -34 -60 90 52 90 -81 -21 70 98 -85 88 30 -83 -91 74 15 7 -61 64 4 14 100 -40 -60 -41 12 
23 92 -99 -93 -46 43 -45 44 -58 -84 -9 -92 55 -48 35 53 -98 -93 -23 -92 -44 69 -70 92 7 68 -97 -44 -40 62 -71 -4 58 22 78 -12 -57 -63 76 41 35 87 82 -27 7 -88 -19 47 -98 -63 48 94 6 18 -44 7 66 -19 38 76 -57 -79 7 -79 -95 -2 38 99 40 90 -97 -28 -14 49 83 70 98 -59 -94 -78 -39 58 42 89 -96 2 14 42 100 -83 63 95 -46 -45 19 33 -30 -34 -95 38 
3 -29 -86 -71 98 58 -49 -85 -63 -72 -92 -37 8 19 85 74 76 50 -52 14 42 37 29 -9 -10 -98 -78 33 -82 61 17 -47 -46 -22 -73 36 -67 -17 52 -46 -77 48 -7 67 55 -48 -87 -49 -59 89 -71 -35 88 96 17 93 32 -24 -13 53 95 26 -76 -76 -12 -25 61 69 -85 81 -41 -3 17 -23 99 5 -26 -16 100 -12 69 -53 36 -11 -99 50 -85 66 18 -89 6 76 -100 -29 -3 -11 -41 -67 -39 38 
-46 -7 86 -29 -59 82 67 -22 -97 39 28 -21 2 -61 81 36 17 44 36 -72 62 -86 79 -80 22 31 35 -90 100 -83 -9 11 15 -31 49 -30 -9 22 67 29 59 36 91 74 60 69 -20 75 39 22 -85 33 50 89 41 58 -6 -93 50 11 5 82 33 91 -67 42 95 20 35 -49 -12 49 -77 85 -84 -38 -79 40 -20 -59 43 -92 99 80 21 46 33 2 39 -92 60 -44 49 74 88 18 18 41 77 92 
-91 -84 36 -29 33 85 -55 75 41 53 35 98 -36 43 -40 -82 5 73 -74 -91 42 -58 -75 -59 -41 44 76 -7 42 -5 69 -99 9 63 -68 -25 19 -67 29 -11 34 -3 29 62 17 -68 78 -75 -18 -41 -97 -22 -55 95 -90 -72 43 18 36 51 55 -83 -20 -93 -87 28 -82 77 -40 -76 45 28 92 54 -43 -14 84 100 69 42 -93 -7 59 50 -25 58 94 -4 -22 -61 -79 65 -34 20 -81 -89 -42 -65 -39 -50 
17 -56 88 51 -27 -98 -67 81 97 53 -51 -60 -89 -53 24 8 24 -85 -11 -15 0 25 14 -43 -47 -93 20 64 55 11 -60 94 6 70 78 64 0 -83 0 -17 84 93 -32 33 80 88 -74 -7 44 -65 -85 82 -82 -4 -100 -100 79 -20 34 59 77 -26 57 67 27 -33 -62 30 70 -39 -97 -18 -71 -89 -10 95 84 -12 39 -32 66 -3 16 -3 -82 63 -97 100 45 34 -61 -78 76 34 20 71 38 -87 31 33 
50 -6 -86 11 -13 3 87 25 -58 97 -73 -38 -18 -47 53 14 -55 -64 44 17 53 52 -81 40 63 93 72 -69 67 -37 -84 -80 -37 67 37 49 70 55 -35 70 63 -32 93 29 -44 70 4 -71 -91 12 82 -61 -44 14 -10 -70 25 -51 -36 -60 13 -29 -8 70 19 -73 -30 -93 82 -64 -55 29 17 49 -52 73 31 -5 68 -97 -94 -21 81 15 77 92 -25 60 -89 -98 -20 27 45 -17 64 9 -17 18 -56 56 
-29 -80 -38 42 -66 77 34 51 98 -35 60 36 -13 37 29 28 8 61 -81 33 46 -74 -95 -43 2 42 -48 7 -5 69 -89 4 -22 73 -31 -16 -77 79 -11 -47 -69 30 19 -28 -27 54 43 9 17 76 95 14 -83 -95 51 -52 -12 -19 -93 83 -37 -88 -68 96 -14 52 -58 86 59 -10 -4 18 -28 15 0 88 59 12 -67 28 33 96 -17 94 -10 20 55 64 -27 29 -10 -7 -33 68 -1 -66 -30 -92 83 -85 
-16 29 -61 -83 -75 -52 75 -74 2 -20 55 2 58 65 85 -89 85 -76 56 2 2 10 91 33 44 -55 6 -51 -35 88 -8 -21 -90 -92 34 -12 -27 44 -65 -51 -73 -85 72 92 -38 -73 -76 52 2 -15 -70 -95 -12 -62 -98 59 9 65 -17 25 75 30 -94 -59 20 35 -5 -9 -44 -80 92 -19 -57 80 -41 98 77 21 41 45 -99 62 56 -29 -93 22 -48 51 50 25 73 89 65 -27 77 0 60 -93 82 -61 
-15 -20 74 -19 -91 18 26 76 18 78 -5 -35 -76 94 -51 29 9 73 -28 -54 -83 -82 -72 -85 -16 -59 -28 98 -49 -80 47 87 52 30 35 55 65 -22 80 -88 52 21 -36 21 -27 -71 27 -44 14 81 -79 19 -75 -61 -68 -91 -66 -48 79 -83 -21 -29 -18 -67 7 58 -64 47 10 94 72 -59 -70 -34 -53 -21 -90 -99 34 75 -94 42 -15 95 -37 -34 -15 -69 100 21 -99 99 6 34 90 29 -37 53 -36 -44 
-78 -5 53 -54 60 30 -46 -57 -16 39 34 -53 -57 -65 -55 -71 95 -12 99 88 -69 -39 -31 16 48 -8 87 -51 -78 -1 -70 -87 -62 12 -3 -49 -73 -92 27 -48 2 69 5 -12 49 -61 25 40 -64 65 12 -84 -66 -29 18 -16 99 11 19 -69 -71 74 46 -2 -28 -42 -1 11 76 -94 13 6 -57 3 44 48 10 36 60 74 93 -29 -25 5 -99 43 19 66 -79 -48 37 54 -81 44 -34 38 -95 -54 79 49 
-65 -82 -18 34 -51 -47 -29 21 88 -19 89 23 -77 -38 -40 -13 81 -24 -51 68 50 -26 24 24 88 73 -59 0 -19 -15 -41 17 -15 30 35 -87 -61 -76 -74 44 22 -57 -9 33 -40 -11 61 -57 0 -53 10 -57 -17 -65 -27 12 98 -91 57 -12 18 -23 94 -98 -20 -87 70 67 -7 19 -41 -91 5 65 54 -17 -94 97 89 -7 46 -70 17 -15 -12 -27 -4 22 81 -82 8 71 -3 -96 58 -40 -44 53 23 67 
-28 25 50 35 -98 -97 -11 -96 29 34 -27 93 84 -97 10 30 -100 -70 -67 100 41 37 -87 32 83 69 -68 68 0 -85 37 16 88 28 87 -97 52 -1 -84 -42 -32 30 -46 55 36 29 45 56 -68 -64 -66 -59 45 2 -91 23 -7 41 -69 -45 74 -45 76 -34 -69 6 83 16 59 81 -19 66 -69 7 7 -74 100 63 2 -5 50 17 74 86 37 -53 -48 -74 13 96 -27 -2 10 33 -76 -80 70 35 -31 -54 
1 81 -44 86 93 -6 15 6 -56 -42 -35 -86 1 99 -69 -91 25 -2 14 -29 14 9 -96 15 -92 -4 -10 16 26 86 -7 86 16 -79 13 18 -1 -91 -24 29 -95 58 51 22 95 -9 26 38 87 72 82 -62 22 36 88 60 -58 89 96 -61 94 8 -75 82 -81 -79 -43 9 -37 -48 17 -16 -17 -91 -9 75 17 0 -20 -62 -40 87 -27 -65 29 -65 10 38 -56 -56 77 -88 -61 -33 49 25 -15 -14 15 -58 
71 32 -17 88 51 44 -65 -21 12 -72 -60 -72 67 -60 -84 31 6 -45 73 96 23 -5 -8 -80 2 0 -28 57 -36 23 20 58 -33 -52 29 16 50 -18 54 -27 100 72 -28 -46 92 -59 -44 21 92 46 -14 36 -41 63 -79 66 77 65 19 -52 81 -75 30 -69 77 -19 34 78 -11 51 -66 49 70 18 55 21 -23 -15 -31 68 -16 38 -6 81 -16 -30 -39 14 -57 -20 32 -84 11 -9 -81 77 -15 -79 -7 35 
-50 -36 -22 -64 78 51 -98 -27 -46 -46 26 50 -40 60 50 -92 25 -74 29 -34 -68 89 -23 36 -86 94 -13 -33 55 49 35 88 73 27 16 -95 44 -54 -80 95 -95 -73 46 8 64 -57 40 54 54 -66 59 74 -36 3 -75 3 18 -77 -50 7 3 -68 -23 80 -16 -57 84 -18 64 -26 61 -83 -7 -8 -60 -77 100 5 -54 78 -74 -1 1 18 -95 43 81 -14 6 -52 -68 -54 -68 35 -14 97 -43 8 55 -79 
3 99 -26 19 38 7 64 -78 48 55 87 -14 -45 -96 28 48 5 29 -38 -33 47 32 92 80 -95 -79 -68 75 -45 -86 6 38 84 -22 43 9 -52 38 -34 67 64 -1 97 39 -67 45 -63 -72 85 54 5 -4 -27 43 -1 50 -50 38 5 -13 -6 -57 30 -18 -86 -40 -39 -45 70 -53 36 -24 53 38 -79 -70 -82 -6 -75 -13 -79 -81 -34 -50 75 23 39 39 75 -63 -87 56 -36 -31 56 -60 64 99 -55 -41 
53 -26 64 -7 -90 66 35 8 32 -74 31 91 75 -81 -85 -43 -76 24 21 -25 42 52 93 -56 33 68 14 54 61 -80 -71 -21 -6 -28 71 23 89 72 25 47 73 19 99 49 58 36 53 -7 -43 88 -27 -73 -5 -74 80 -42 21 -100 68 6 14 63 -40 -1 61 -22 94 -94 6 -66 -7 85 98 24 -10 11 -35 -50 84 73 77 56 -60 -96 39 -16 -50 52 31 -71 -17 17 3 57 10 60 91 24 -17 34 
55 26 -30 -11 42 100 -7 82 56 38 42 46 63 -57 -14 73 50 -57 82 11 20 -1 -38 63 67 -83 -24 41 -2 -74 15 -71 2 20 -100 77 -95 -9 12 94 -40 -39 77 25 -50 -15 -7 -71 74 25 -12 83 34 -36 14 47 16 -44 59 65 -40 -83 83 74 -33 74 44 -87 -46 45 -38 32 65 84 58 -45 58 -8 61 -82 -78 -67 80 -55 -30 61 -32 33 37 -11 -9 -94 18 7 95 72 59 49 -15 -98 
-69 1 -8 30 -52 61 -38 21 -44 -28 -85 36 -18 73 -92 -73 2 -79 72 25 74 -88 14 -29 87 -4 -17 98 -63 91 28 83 40 -14 58 -44 -68 42 -96 58 100 -65 90 9 0 -60 -72 -4 -28 -30 2 -47 48 -82 97 -83 -52 89 97 52 39 47 -15 -46 -41 -82 -64 25 -71 65 -91 -53 9 73 -58 -84 98 -75 -79 -32 -13 31 39 -83 47 -96 -80 38 59 78 -2 -21 -33 51 3 52 28 -72 22 1 
7 65 -83 8 69 -26 49 -21 -37 -84 -12 99 26 -80 93 -60 -77 43 87 90 -60 -45 79 79 99 -67 -73 -49 61 -87 -61 -16 3 78 -13 2 -75 31 11 -42 57 88 -65 84 -64 46 92 9 -100 17 -81 48 -25 -99 -63 80 -30 19 -58 76 -58 -13 -90 22 -75 17 -99 -56 -87 21 42 -40 -2 -92 -99 77 36 10 -33 27 -18 -6 54 -55 28 88 -1 65 100 -69 -58 91 20 52 -2 -94 -43 -91 -38 83 
25 -91 -33 48 -8 -51 -56 60 -93 7 97 68 -81 36 55 59 19 88 -90 59 -46 -22 -63 -88 -89 -9 73 -34 48 56 -19 -86 -90 73 41 3 -11 65 38 68 7 21 49 -65 42 -93 -4 -94 -52 61 -66 25 -8 -32 61 93 -91 96 23 90 99 74 -100 -19 -85 62 -64 -29 -66 11 67 -22 50 49 34 -19 64 52 71 49 85 -34 -59 82 31 -6 -40 23 -35 48 -43 91 10 47 -25 64 27 36 -57 37 
-82 38 48 -92 37 53 64 93 37 22 -5 94 -46 -42 30 77 49 58 12 -47 -93 -84 4 -65 19 -24 -22 -10 -90 -61 -39 26 22 75 -95 20 22 16 -24 -87 6 49 11 85 -44 -26 -77 12 -1 46 -99 -34 28 -26 -91 -59 -40 -54 -1 34 -87 -84 -75 -91 72 -35 85 -78 -66 98 31 25 -24 67 61 -80 -28 -44 -40 26 16 -66 33 -13 91 81 43 -48 19 -64 60 -91 37 -99 -19 -6 87 37 -40 66 
-29 57 100 -51 -80 -96 14 -65 -69 38 87 12 -19 3 -71 -8 -68 89 -16 -31 -52 20 79 -27 -47 22 86 -52 34 -97 11 -53 0 41 78 -40 -18 85 73 -89 47 -61 82 -1 -40 13 48 -3 44 49 -59 -67 87 -41 -93 31 0 -5 27 -33 61 89 40 -93 -47 2 80 64 78 16 -66 73 -4 -18 -70 -47 -20 39 -65 59 0 10 -70 -69 -80 18 -80 -73 -2 -51 6 2 82 1 -22 -80 37 79 32 22 
86 6 27 90 -78 83 56 -3 37 25 90 92 37 -2 -3 -14 -77 -47 -4 -48 21 -20 42 -64 -15 -65 57 12 -81 1 89 -72 51 57 -94 67 42 -60 79 -11 -98 24 97 32 63 53 -3 70 -80 12 -53 38 20 5 -26 5 12 97 40 65 -58 -100 15 34 -2 70 25 -35 35 60 45 -60 -92 -19 87 78 51 -10 9 -97 -79 -66 94 -36 9 -88 60 -21 -17 -26 7 -26 -81 99 4 -76 -93 25 -26 -12 
59 -59 30 -8 -37 -63 94 61 51 33 -66 -56 97 -47 82 -51 80 -5 -24 -8 93 -51 -42 -84 -73 100 52 -74 -56 10 49 -33 -76 62 -88 41 -69 16 76 65 -33 -10 81 -3 -14 7 69 62 -19 -59 19 98 -99 -99 2 78 -90 28 -6 -79 24 -2 81 1 -66 -88 4 -81 62 44 -91 10 -13 66 -13 4 96 -89 -61 10 -55 22 -99 -91 -78 5 -19 -96 91 -31 67 -77 47 60 2 15 36 -37 22 10 
-34 -58 -13 60 -42 67 9 56 -90 -14 90 -57 57 -81 -43 -27 63 -83 47 92 -58 35 -62 -98 74 -36 76 -17 60 84 -85 34 19 -74 21 28 -2 -25 -86 -7 68 45 39 64 84 93 -66 -12 -20 4 75 -30 34 -99 86 -44 -69 -41 73 -79 -96 -61 35 63 -30 93 47 -32 -98 -16 95 -9 -14 -15 24 5 49 9 9 -3 -93 -85 49 -87 -27 59 11 -59 19 5 94 97 -69 -17 -32 -95 -64 51 15 -20 
-85 73 -45 -26 48 6 -3 53 57 -87 -40 -23 43 0 84 -62 60 -14 35 48 -92 -58 -48 17 -26 74 -89 -83 6 86 -11 1 -27 15 -68 3 10 6 36 -64 71 54 8 57 -36 100 9 -87 52 -56 91 15 -63 -91 -18 20 -66 44 86 -4 26 -9 -38 21 70 -22 70 88 -8 -36 -64 22 -70 81 -26 -96 6 -56 -28 -56 -26 11 -64 -77 10 -57 35 -90 -19 -57 -84 -17 22 46 46 64 57 -76 29 -13 
88 -35 4 -68 -61 23 -99 -61 75 -38 38 -20 -74 35 -55 -2 0 -36 88 -83 -44 -5 68 64 -9 22 56 5 79 2 98 -8 -53 -21 68 -76 73 -94 56 -88 45 82 -9 22 76 74 -87 8 -52 0 23 -74 -31 30 11 -28 93 -7 -59 -39 -72 -29 -19 -53 7 71 86 97 -30 -44 -80 -64 -34 -92 -62 98 60 -29 50 63 76 -46 47 64 -7 62 34 -21 50 -79 -33 96 79 -32 -2 37 56 6 -81 -2 
-55 -12 -1 45 46 -43 -100 98 -24 -32 -11 30 -44 43 95 88 76 -94 51 -96 -38 54 -87 5 68 -66 87 -14 65 35 -44 15 -26 15 6 34 75 27 20 -52 -4 93 -17 95 -59 -35 10 20 -70 -26 -8 -98 -97 -50 79 -57 97 -6 10 70 -34 -89 99 -12 -85 36 80 36 -4 20 -45 11 -32 -21 95 10 -57 -85 -44 -91 -57 66 11 89 -96 49 91 1 46 72 -56 -100 63 70 -23 -13 76 50 -12 -76 
-62 -75 84 -93 -6 44 18 65 60 -19 15 62 -40 -36 64 98 -34 93 81 -88 58 87 94 46 22 52 -68 -64 44 49 98 -80 -22 27 -90 88 53 -99 54 88 -57 -53 -7 16 -92 75 -58 -63 63 -98 -96 59 -57 -47 63 -1 92 82 28 3 82 20 9 -5 -16 95 43 64 1 -37 -75 49 12 90 8 -37 -25 -37 51 -70 -60 13 -59 58 -10 -31 89 14 75 87 37 -4 -97 -64 -68 45 -24 10 19 -34 
-57 27 -16 73 64 -24 -100 -74 20 15 9 -34 -89 43 81 -19 -60 43 29 80 -51 84 66 -34 -94 -22 -97 -68 -51 -64 92 -5 73 92 -13 22 63 73 31 -13 -37 -4 64 61 44 95 -53 -68 20 66 -46 -72 70 -16 -70 8 -44 -99 -26 45 69 -68 40 -21 37 -49 -82 -97 -60 -63 77 59 10 70 78 -13 -5 -18 60 76 -88 -87 -52 40 -63 -12 -35 64 -27 77 10 -78 70 -51 -52 -9 -40 -22 -27 66 
-14 19 29 -95 14 -9 -75 54 -22 -2 76 2 -21 81 -71 37 47 -2 30 -87 -36 45 -95 55 48 32 29 -47 36 -41 -27 1 85 65 11 -72 -84 -88 -93 -82 -19 -51 -34 -49 39 31 27 83 48 2 95 -13 -5 -31 -33 63 75 -76 11 27 -82 58 -44 -49 58 -88 45 -13 -79 -18 -58 -22 -42 -93 12 16 -7 35 -26 90 -38 91 53 -38 -2 -20 -80 -84 -11 66 -61 22 -59 44 -17 95 -84 92 95 -31 
91 -73 -39 -29 31 64 32 -83 -4 -43 -51 -86 -24 37 -83 -56 -15 15 -92 -65 3 -32 -16 -7 100 74 -83 -47 43 38 20 6 -32 92 -74 -9 89 93 -61 34 85 49 -67 -55 53 -84 20 98 21 -3 100 -30 89 72 34 24 58 -98 63 4 -32 63 21 86 -38 -5 2 57 -4 -45 -14 -16 -37 -44 -68 -71 -80 -100 6 23 56 59 72 32 -15 82 82 62 -47 73 -72 55 11 -14 1 27 -50 -41 -12 -46 
-20 -79 -66 19 -5 -69 -39 -53 76 49 50 -37 95 -87 31 57 16 5 59 84 -6 -76 43 63 51 -92 -12 -95 76 91 87 -4 37 -55 62 48 13 4 61 29 -23 -89 31 15 26 67 -4 -62 61 -50 1 -76 38 -9 -41 -77 -58 33 -72 26 -41 -97 -60 41 -61 75 -26 22 -64 9 97 -50 70 -60 -41 -94 -14 25 7 -90 -37 -88 78 42 41 -1 45 92 96 60 88 -51 77 98 -15 95 16 55 -8 -71 
-67 -33 -58 18 -57 74 -42 22 9 85 -80 -53 -46 -24 -42 -43 7 72 88 -57 -100 -23 50 69 -20 -43 95 -97 -22 -84 -51 2 49 92 100 100 -22 -50 66 -28 -34 -60 14 -31 15 -63 43 24 8 -84 96 20 -88 59 -86 31 97 -13 -42 -36 95 3 4 -77 -9 2 76 -3 -86 -98 53 32 22 72 -23 41 -91 66 50 46 3 52 90 -11 62 91 -99 -76 -95 56 68 -86 5 -69 28 19 -50 100 10 56 
58 -57 -5 -97 -7 -36 -70 -29 -46 -65 7 64 0 -22 -82 73 34 -63 -47 79 -23 49 -40 -69 -76 18 28 48 -29 -11 58 -30 89 3 87 -53 -20 80 7 -85 52 9 81 -33 87 -17 41 31 95 -32 -71 65 -74 26 -30 -65 28 83 -94 26 -28 52 -13 -34 54 80 52 -52 -67 95 -47 -37 65 47 -64 93 16 -35 -64 -27 75 37 10 -92 62 53 58 -4 66 22 94 5 -52 81 -6 30 -38 84 -70 -45 
94 64 -54 -48 21 -96 -37 13 9 2 -87 -50 -29 91 82 65 -66 -14 10 -76 -42 46 -48 84 -55 61 80 83 1 16 70 46 -46 42 -35 75 -72 -70 76 -50 -39 -23 81 -43 -42 -17 -30 38 -12 83 20 82 -14 39 -58 4 99 -47 76 -17 -73 -35 -56 -48 89 80 30 49 -49 -44 -97 -37 25 -49 -20 -77 -36 47 -2 -15 -81 -18 -97 -45 0 -5 51 -49 -2 -62 33 -49 56 -82 -46 46 -79 10 -43 -53 
31 -78 -11 -38 36 -3 -30 -61 -97 -82 29 92 98 -81 95 -3 32 -7 -9 -51 -97 -28 7 -67 85 -48 5 -59 -33 77 -5 -18 72 57 2 97 87 -27 19 25 45 -76 20 -5 -36 -70 58 -18 66 5 -15 79 -50 13 92 28 64 42 -70 94 -2 -97 8 -79 -47 78 -73 -38 -56 -72 -73 -51 39 80 77 -17 29 43 60 55 70 -96 -18 51 -60 6 -10 79 32 55 80 11 57 -88 82 54 -78 1 66 -3 
40 -96 -96 33 87 -99 -4 -23 70 72 -12 76 -32 49 37 29 -62 99 20 65 -25 -51 -83 31 51 -75 -86 33 -15 -59 46 83 87 -52 -15 -80 -23 -7 -88 -62 -71 28 -38 70 60 95 -66 20 83 19 -81 -84 61 -19 31 -50 -34 -55 23 45 -67 98 7 -58 50 92 11 21 57 64 66 90 -79 -79 -88 -4 9 -8 -17 63 -14 -96 58 -92 26 100 -71 4 42 -24 -46 21 -92 -38 4 -45 -30 -39 60 69 
43 -96 23 75 32 -47 -23 -40 55 -11 -9 53 -87 74 -2 55 -27 -53 33 65 9 22 63 43 39 -66 19 -73 -42 -23 12 -39 28 8 73 4 -94 -79 -68 7 3 19 -96 -71 18 52 -48 -86 -30 60 87 58 42 65 -77 -72 9 93 -44 -87 -6 -46 -24 -72 60 -54 7 16 78 5 -41 -71 21 -93 -26 69 -91 -55 -76 -10 60 63 -51 -51 2 97 -71 40 73 12 21 21 -78 -97 81 -62 -29 8 -40 95 
-78 -7 65 70 50 -6 -16 94 68 56 -43 -69 50 80 9 -60 14 96 -99 89 62 -26 -42 -10 59 23 69 -81 -50 -45 -38 74 -94 58 75 -99 9 83 19 71 46 93 -100 -74 -82 -68 -48 88 66 31 71 -74 -30 -68 12 12 -5 -93 97 -71 -39 55 -27 28 -48 -34 25 54 -30 91 -97 -92 59 -60 23 -87 14 -69 11 91 20 72 83 -57 -37 -45 -34 -83 -23 -47 -52 -30 -65 62 72 75 58 92 -20 92 
