   1 (0.000000,0.000000)   5  44 191 275 398 455
   2 (0.000000,0.000000)   5  14 81 261 348 383
   3 (0.000000,0.000000)   4  217 287 432 489
   4 (0.000000,0.000000)   3  285 314 460
   5 (0.000000,0.000000)   4  24 97 241 384
   6 (0.000000,0.000000)   7  26 29 68 214 288 290 315
   7 (0.000000,0.000000)   5  45 107 238 429 469
   8 (0.000000,0.000000)   8  34 146 171 207 216 257 268 469
   9 (0.000000,0.000000)   1  213
  10 (0.000000,0.000000)   3  107 285 372
  11 (0.000000,0.000000)   3  312 425 477
  12 (0.000000,0.000000)   5  241 438 443 450 472
  13 (0.000000,0.000000)   9  15 51 204 210 213 266 311 322 408
  14 (0.000000,0.000000)   4  2 77 219 448
  15 (0.000000,0.000000)   7  13 26 136 338 398 407 495
  16 (0.000000,0.000000)   6  29 157 245 279 441 475
  17 (0.000000,0.000000)   5  70 105 142 453 466
  18 (0.000000,0.000000)   6  244 264 307 348 397 455
  19 (0.000000,0.000000)   7  247 281 303 377 389 417 492
  20 (0.000000,0.000000)   6  61 85 101 141 311 362
  21 (0.000000,0.000000)   2  40 197
  22 (0.000000,0.000000)   2  366 442
  23 (0.000000,0.000000)   4  188 259 436 477
  24 (0.000000,0.000000)  12  5 150 261 303 308 314 350 353 432 462 477 485
  25 (0.000000,0.000000)   4  28 175 212 309
  26 (0.000000,0.000000)  10  6 15 63 148 330 351 357 418 428 497
  27 (0.000000,0.000000)   3  188 201 243
  28 (0.000000,0.000000)   8  25 133 141 151 262 352 396 476
  29 (0.000000,0.000000)   6  6 16 319 344 371 398
  30 (0.000000,0.000000)  10  41 100 271 277 322 363 381 432 441 467
  31 (0.000000,0.000000)   5  76 88 333 462 490
  32 (0.000000,0.000000)   2  334 355
  33 (0.000000,0.000000)   4  71 244 263 288
  34 (0.000000,0.000000)   3  8 141 301
  35 (0.000000,0.000000)   4  212 251 316 356
  36 (0.000000,0.000000)   6  94 145 267 290 311 456
  37 (0.000000,0.000000)   8  65 200 238 279 353 363 373 462
  38 (0.000000,0.000000)   9  146 205 209 212 279 349 418 449 473
  39 (0.000000,0.000000)   5  226 245 246 408 464
  40 (0.000000,0.000000)   2  21 497
  41 (0.000000,0.000000)   5  30 60 217 310 469
  42 (0.000000,0.000000)   9  125 133 183 238 258 299 396 459 492
  43 (0.000000,0.000000)   5  164 168 313 377 446
  44 (0.000000,0.000000)   6  1 64 107 241 360 375
  45 (0.000000,0.000000)   8  7 104 197 232 267 274 426 464
  46 (0.000000,0.000000)   4  70 119 244 291
  47 (0.000000,0.000000)   5  217 246 326 430 468
  48 (0.000000,0.000000)   4  194 294 487 491
  49 (0.000000,0.000000)   3  277 371 405
  50 (0.000000,0.000000)   5  277 316 351 360 392
  51 (0.000000,0.000000)  10  13 63 149 198 238 294 371 403 442 445
  52 (0.000000,0.000000)   3  88 203 207
  53 (0.000000,0.000000)   6  61 156 185 226 415 431
  54 (0.000000,0.000000)   2  80 139
  55 (0.000000,0.000000)   6  59 64 185 202 325 405
  56 (0.000000,0.000000)   7  69 77 274 292 343 403 449
  57 (0.000000,0.000000)  10  86 117 127 141 164 209 221 351 353 419
  58 (0.000000,0.000000)   6  126 203 220 307 313 436
  59 (0.000000,0.000000)   6  55 155 224 267 271 479
  60 (0.000000,0.000000)   2  41 184
  61 (0.000000,0.000000)   7  20 53 75 93 102 259 431
  62 (0.000000,0.000000)   2  171 264
  63 (0.000000,0.000000)  10  26 51 82 111 124 217 256 371 393 493
  64 (0.000000,0.000000)   9  44 55 190 208 240 280 394 410 496
  65 (0.000000,0.000000)   6  37 192 203 367 408 459
  66 (0.000000,0.000000)   5  253 287 441 457 474
  67 (0.000000,0.000000)   1  226
  68 (0.000000,0.000000)   5  6 152 258 397 436
  69 (0.000000,0.000000)   3  56 201 456
  70 (0.000000,0.000000)   4  17 46 123 130
  71 (0.000000,0.000000)   6  33 154 174 185 316 373
  72 (0.000000,0.000000)   5  150 157 198 321 338
  73 (0.000000,0.000000)   6  83 119 181 372 433 480
  74 (0.000000,0.000000)   4  184 259 288 364
  75 (0.000000,0.000000)   5  61 148 318 374 430
  76 (0.000000,0.000000)   2  31 174
  77 (0.000000,0.000000)   8  14 56 99 241 261 311 410 430
  78 (0.000000,0.000000)   4  181 229 233 246
  79 (0.000000,0.000000)   0 
  80 (0.000000,0.000000)   3  54 336 442
  81 (0.000000,0.000000)   2  2 252
  82 (0.000000,0.000000)   6  63 168 229 257 325 443
  83 (0.000000,0.000000)   6  73 112 118 183 219 322
  84 (0.000000,0.000000)   3  335 340 363
  85 (0.000000,0.000000)   5  20 137 289 327 424
  86 (0.000000,0.000000)   6  57 152 193 213 267 338
  87 (0.000000,0.000000)   6  264 277 372 373 453 479
  88 (0.000000,0.000000)   7  31 52 185 303 383 417 497
  89 (0.000000,0.000000)   3  133 450 452
  90 (0.000000,0.000000)   5  105 171 246 425 453
  91 (0.000000,0.000000)   3  164 293 404
  92 (0.000000,0.000000)   2  182 423
  93 (0.000000,0.000000)   5  61 137 317 371 457
  94 (0.000000,0.000000)   3  36 280 462
  95 (0.000000,0.000000)   3  190 223 287
  96 (0.000000,0.000000)   2  162 364
  97 (0.000000,0.000000)   5  5 256 306 454 496
  98 (0.000000,0.000000)   5  106 281 295 364 386
  99 (0.000000,0.000000)   6  77 100 198 314 343 415
 100 (0.000000,0.000000)   9  30 99 146 147 329 358 397 416 464
 101 (0.000000,0.000000)   3  20 171 197
 102 (0.000000,0.000000)   3  61 241 271
 103 (0.000000,0.000000)   5  182 216 360 374 392
 104 (0.000000,0.000000)   7  45 140 316 328 349 405 500
 105 (0.000000,0.000000)   4  17 90 142 237
 106 (0.000000,0.000000)   5  98 397 424 473 495
 107 (0.000000,0.000000)   7  7 10 44 122 141 269 428
 108 (0.000000,0.000000)   1  193
 109 (0.000000,0.000000)   1  247
 110 (0.000000,0.000000)   5  237 243 293 439 441
 111 (0.000000,0.000000)   4  63 374 441 450
 112 (0.000000,0.000000)   6  83 118 162 274 371 465
 113 (0.000000,0.000000)   3  321 414 494
 114 (0.000000,0.000000)   6  180 235 292 344 437 472
 115 (0.000000,0.000000)   5  140 193 261 295 358
 116 (0.000000,0.000000)   7  169 181 211 346 418 445 481
 117 (0.000000,0.000000)   5  57 162 293 454 499
 118 (0.000000,0.000000)   3  83 112 226
 119 (0.000000,0.000000)   5  46 73 163 186 465
 120 (0.000000,0.000000)   4  300 380 388 415
 121 (0.000000,0.000000)   3  137 282 372
 122 (0.000000,0.000000)   1  107
 123 (0.000000,0.000000)   3  70 223 233
 124 (0.000000,0.000000)   2  63 211
 125 (0.000000,0.000000)   4  42 153 169 244
 126 (0.000000,0.000000)   6  58 275 320 344 441 468
 127 (0.000000,0.000000)   3  57 254 312
 128 (0.000000,0.000000)   3  275 301 407
 129 (0.000000,0.000000)   3  287 295 335
 130 (0.000000,0.000000)   2  70 423
 131 (0.000000,0.000000)   6  136 249 276 293 397 458
 132 (0.000000,0.000000)   7  167 171 235 243 318 472 493
 133 (0.000000,0.000000)   8  28 42 89 175 182 303 430 458
 134 (0.000000,0.000000)   4  266 378 425 466
 135 (0.000000,0.000000)   3  411 414 426
 136 (0.000000,0.000000)   8  15 131 263 328 337 373 420 468
 137 (0.000000,0.000000)   7  85 93 121 178 396 428 443
 138 (0.000000,0.000000)   6  155 197 206 229 268 279
 139 (0.000000,0.000000)   4  54 198 332 336
 140 (0.000000,0.000000)   5  104 115 282 397 496
 141 (0.000000,0.000000)   9  20 28 34 57 107 283 412 413 481
 142 (0.000000,0.000000)   5  17 105 223 313 449
 143 (0.000000,0.000000)   4  207 247 255 429
 144 (0.000000,0.000000)   3  167 176 299
 145 (0.000000,0.000000)   2  36 213
 146 (0.000000,0.000000)   6  8 38 100 182 299 399
 147 (0.000000,0.000000)   6  100 189 279 319 348 488
 148 (0.000000,0.000000)   4  26 75 242 401
 149 (0.000000,0.000000)   4  51 254 303 305
 150 (0.000000,0.000000)   4  24 72 364 446
 151 (0.000000,0.000000)   6  28 222 245 307 334 394
 152 (0.000000,0.000000)   6  68 86 199 241 399 463
 153 (0.000000,0.000000)   5  125 157 162 379 438
 154 (0.000000,0.000000)   6  71 182 267 341 388 407
 155 (0.000000,0.000000)   4  59 138 172 384
 156 (0.000000,0.000000)   3  53 170 277
 157 (0.000000,0.000000)   7  16 72 153 176 242 290 330
 158 (0.000000,0.000000)   3  268 335 419
 159 (0.000000,0.000000)   0 
 160 (0.000000,0.000000)   2  192 480
 161 (0.000000,0.000000)   6  184 194 233 292 440 459
 162 (0.000000,0.000000)   6  96 112 117 153 479 487
 163 (0.000000,0.000000)   9  119 270 310 321 356 417 450 492 497
 164 (0.000000,0.000000)   4  43 57 91 347
 165 (0.000000,0.000000)   2  374 393
 166 (0.000000,0.000000)   3  223 352 356
 167 (0.000000,0.000000)   2  132 144
 168 (0.000000,0.000000)   5  43 82 251 342 472
 169 (0.000000,0.000000)   8  116 125 198 279 361 373 407 484
 170 (0.000000,0.000000)   4  156 209 383 391
 171 (0.000000,0.000000)  12  8 62 90 101 132 322 329 363 390 443 492 495
 172 (0.000000,0.000000)   5  155 211 265 350 386
 173 (0.000000,0.000000)   2  243 246
 174 (0.000000,0.000000)   8  71 76 217 218 249 255 338 479
 175 (0.000000,0.000000)   3  25 133 402
 176 (0.000000,0.000000)   5  144 157 207 369 492
 177 (0.000000,0.000000)   4  237 265 332 441
 178 (0.000000,0.000000)   4  137 237 309 484
 179 (0.000000,0.000000)   3  250 317 344
 180 (0.000000,0.000000)   3  114 200 299
 181 (0.000000,0.000000)   6  73 78 116 231 278 324
 182 (0.000000,0.000000)   7  92 103 133 146 154 237 288
 183 (0.000000,0.000000)   7  42 83 197 316 319 348 363
 184 (0.000000,0.000000)   6  60 74 161 201 241 405
 185 (0.000000,0.000000)  11  53 55 71 88 209 276 319 346 351 376 482
 186 (0.000000,0.000000)   5  119 326 364 419 479
 187 (0.000000,0.000000)   1  389
 188 (0.000000,0.000000)   5  23 27 191 369 376
 189 (0.000000,0.000000)   2  147 493
 190 (0.000000,0.000000)   5  64 95 191 314 344
 191 (0.000000,0.000000)   7  1 188 190 229 284 359 464
 192 (0.000000,0.000000)   7  65 160 199 292 323 368 489
 193 (0.000000,0.000000)   6  86 108 115 266 286 322
 194 (0.000000,0.000000)   4  48 161 241 394
 195 (0.000000,0.000000)   2  204 261
 196 (0.000000,0.000000)   4  246 353 417 491
 197 (0.000000,0.000000)  11  21 45 101 138 183 203 303 305 370 427 499
 198 (0.000000,0.000000)   6  51 72 99 139 169 376
 199 (0.000000,0.000000)   6  152 192 323 462 483 491
 200 (0.000000,0.000000)   8  37 180 274 284 328 363 431 445
 201 (0.000000,0.000000)   8  27 69 184 303 326 340 425 452
 202 (0.000000,0.000000)   3  55 276 306
 203 (0.000000,0.000000)   7  52 58 65 197 249 317 441
 204 (0.000000,0.000000)   3  13 195 353
 205 (0.000000,0.000000)   4  38 232 318 319
 206 (0.000000,0.000000)   3  138 223 469
 207 (0.000000,0.000000)   7  8 52 143 176 366 490 498
 208 (0.000000,0.000000)   5  64 388 394 462 465
 209 (0.000000,0.000000)   6  38 57 170 185 356 404
 210 (0.000000,0.000000)   1  13
 211 (0.000000,0.000000)   4  116 124 172 298
 212 (0.000000,0.000000)   6  25 35 38 375 448 481
 213 (0.000000,0.000000)   7  9 13 86 145 263 294 318
 214 (0.000000,0.000000)   4  6 229 280 317
 215 (0.000000,0.000000)   2  245 270
 216 (0.000000,0.000000)   5  8 103 279 381 422
 217 (0.000000,0.000000)   8  3 41 47 63 174 360 374 418
 218 (0.000000,0.000000)   3  174 377 494
 219 (0.000000,0.000000)   2  14 83
 220 (0.000000,0.000000)   2  58 415
 221 (0.000000,0.000000)   3  57 300 446
 222 (0.000000,0.000000)   6  151 236 252 318 449 500
 223 (0.000000,0.000000)   6  95 123 142 166 206 297
 224 (0.000000,0.000000)   5  59 378 425 437 459
 225 (0.000000,0.000000)   0 
 226 (0.000000,0.000000)   8  39 53 67 118 250 264 283 494
 227 (0.000000,0.000000)   1  374
 228 (0.000000,0.000000)   2  277 355
 229 (0.000000,0.000000)   8  78 82 138 191 214 298 436 450
 230 (0.000000,0.000000)   0 
 231 (0.000000,0.000000)   4  181 374 391 471
 232 (0.000000,0.000000)   6  45 205 310 347 363 445
 233 (0.000000,0.000000)   5  78 123 161 330 409
 234 (0.000000,0.000000)   4  290 336 470 472
 235 (0.000000,0.000000)   8  114 132 239 262 278 279 456 489
 236 (0.000000,0.000000)   5  222 274 372 423 469
 237 (0.000000,0.000000)   8  105 110 177 178 182 361 382 454
 238 (0.000000,0.000000)   6  7 37 42 51 258 458
 239 (0.000000,0.000000)   6  235 267 357 363 453 475
 240 (0.000000,0.000000)   3  64 460 465
 241 (0.000000,0.000000)  12  5 12 44 77 102 152 184 194 251 288 316 325
 242 (0.000000,0.000000)   5  148 157 245 305 376
 243 (0.000000,0.000000)   7  27 110 132 173 280 324 344
 244 (0.000000,0.000000)   7  18 33 46 125 289 395 440
 245 (0.000000,0.000000)   7  16 39 151 215 242 335 383
 246 (0.000000,0.000000)   8  39 47 78 90 173 196 252 308
 247 (0.000000,0.000000)   5  19 109 143 351 405
 248 (0.000000,0.000000)   4  346 349 448 459
 249 (0.000000,0.000000)   4  131 174 203 348
 250 (0.000000,0.000000)   5  179 226 270 418 439
 251 (0.000000,0.000000)   6  35 168 241 305 419 444
 252 (0.000000,0.000000)   8  81 222 246 290 321 345 367 470
 253 (0.000000,0.000000)   1  66
 254 (0.000000,0.000000)   3  127 149 308
 255 (0.000000,0.000000)   3  143 174 415
 256 (0.000000,0.000000)   4  63 97 390 417
 257 (0.000000,0.000000)   7  8 82 259 273 296 471 493
 258 (0.000000,0.000000)   5  42 68 238 359 476
 259 (0.000000,0.000000)   8  23 61 74 257 300 346 350 353
 260 (0.000000,0.000000)   0 
 261 (0.000000,0.000000)   7  2 24 77 115 195 264 455
 262 (0.000000,0.000000)   7  28 235 277 341 347 401 438
 263 (0.000000,0.000000)   3  33 136 213
 264 (0.000000,0.000000)   9  18 62 87 226 261 300 303 369 391
 265 (0.000000,0.000000)   5  172 177 269 440 460
 266 (0.000000,0.000000)   4  13 134 193 461
 267 (0.000000,0.000000)   6  36 45 59 86 154 239
 268 (0.000000,0.000000)   4  8 138 158 372
 269 (0.000000,0.000000)   3  107 265 310
 270 (0.000000,0.000000)   6  163 215 250 368 443 484
 271 (0.000000,0.000000)   5  30 59 102 405 434
 272 (0.000000,0.000000)   2  281 324
 273 (0.000000,0.000000)   3  257 399 430
 274 (0.000000,0.000000)   7  45 56 112 200 236 286 485
 275 (0.000000,0.000000)   4  1 126 128 380
 276 (0.000000,0.000000)   5  131 185 202 392 480
 277 (0.000000,0.000000)   7  30 49 50 87 156 228 262
 278 (0.000000,0.000000)   4  181 235 330 430
 279 (0.000000,0.000000)  10  16 37 38 138 147 169 216 235 395 418
 280 (0.000000,0.000000)   6  64 94 214 243 347 498
 281 (0.000000,0.000000)   8  19 98 272 301 312 381 398 426
 282 (0.000000,0.000000)   4  121 140 343 454
 283 (0.000000,0.000000)   4  141 226 308 450
 284 (0.000000,0.000000)   2  191 200
 285 (0.000000,0.000000)   3  4 10 379
 286 (0.000000,0.000000)   4  193 274 382 393
 287 (0.000000,0.000000)   6  3 66 95 129 394 482
 288 (0.000000,0.000000)   7  6 33 74 182 241 308 335
 289 (0.000000,0.000000)   4  85 244 360 453
 290 (0.000000,0.000000)   8  6 36 157 234 252 340 440 500
 291 (0.000000,0.000000)   3  46 438 457
 292 (0.000000,0.000000)   5  56 114 161 192 317
 293 (0.000000,0.000000)   5  91 110 117 131 299
 294 (0.000000,0.000000)   4  48 51 213 392
 295 (0.000000,0.000000)   3  98 115 129
 296 (0.000000,0.000000)   5  257 380 389 427 433
 297 (0.000000,0.000000)   2  223 433
 298 (0.000000,0.000000)   4  211 229 345 449
 299 (0.000000,0.000000)   7  42 144 146 180 293 379 448
 300 (0.000000,0.000000)   4  120 221 259 264
 301 (0.000000,0.000000)   6  34 128 281 337 355 437
 302 (0.000000,0.000000)   2  360 478
 303 (0.000000,0.000000)   9  19 24 88 133 149 197 201 264 417
 304 (0.000000,0.000000)   1  436
 305 (0.000000,0.000000)   6  149 197 242 251 421 465
 306 (0.000000,0.000000)   3  97 202 451
 307 (0.000000,0.000000)   6  18 58 151 361 418 428
 308 (0.000000,0.000000)   7  24 246 254 283 288 355 429
 309 (0.000000,0.000000)   2  25 178
 310 (0.000000,0.000000)   5  41 163 232 269 460
 311 (0.000000,0.000000)   5  13 20 36 77 393
 312 (0.000000,0.000000)   7  11 127 281 412 426 439 442
 313 (0.000000,0.000000)   5  43 58 142 418 424
 314 (0.000000,0.000000)   6  4 24 99 190 386 425
 315 (0.000000,0.000000)   3  6 411 456
 316 (0.000000,0.000000)   9  35 50 71 104 183 241 403 439 455
 317 (0.000000,0.000000)   9  93 179 203 214 292 347 401 421 475
 318 (0.000000,0.000000)   7  75 132 205 213 222 366 479
 319 (0.000000,0.000000)   8  29 147 183 185 205 336 355 492
 320 (0.000000,0.000000)   3  126 384 389
 321 (0.000000,0.000000)   5  72 113 163 252 328
 322 (0.000000,0.000000)   6  13 30 83 171 193 460
 323 (0.000000,0.000000)   4  192 199 327 364
 324 (0.000000,0.000000)   4  181 243 272 450
 325 (0.000000,0.000000)   4  55 82 241 466
 326 (0.000000,0.000000)   4  47 186 201 372
 327 (0.000000,0.000000)   6  85 323 333 375 390 396
 328 (0.000000,0.000000)   6  104 136 200 321 426 456
 329 (0.000000,0.000000)   3  100 171 413
 330 (0.000000,0.000000)   4  26 157 233 278
 331 (0.000000,0.000000)   1  500
 332 (0.000000,0.000000)   2  139 177
 333 (0.000000,0.000000)   5  31 327 360 431 443
 334 (0.000000,0.000000)   4  32 151 392 407
 335 (0.000000,0.000000)   7  84 129 158 245 288 400 455
 336 (0.000000,0.000000)   5  80 139 234 319 420
 337 (0.000000,0.000000)   4  136 301 469 490
 338 (0.000000,0.000000)   7  15 72 86 174 422 436 442
 339 (0.000000,0.000000)   1  422
 340 (0.000000,0.000000)   3  84 201 290
 341 (0.000000,0.000000)   3  154 262 443
 342 (0.000000,0.000000)   6  168 418 419 436 458 491
 343 (0.000000,0.000000)   4  56 99 282 431
 344 (0.000000,0.000000)   6  29 114 126 179 190 243
 345 (0.000000,0.000000)   4  252 298 397 425
 346 (0.000000,0.000000)   5  116 185 248 259 361
 347 (0.000000,0.000000)   9  164 232 262 280 317 353 357 395 468
 348 (0.000000,0.000000)   5  2 18 147 183 249
 349 (0.000000,0.000000)   3  38 104 248
 350 (0.000000,0.000000)   5  24 172 259 382 452
 351 (0.000000,0.000000)   6  26 50 57 185 247 457
 352 (0.000000,0.000000)   4  28 166 381 481
 353 (0.000000,0.000000)   7  24 37 57 196 204 259 347
 354 (0.000000,0.000000)   3  359 377 467
 355 (0.000000,0.000000)   5  32 228 301 308 319
 356 (0.000000,0.000000)   6  35 163 166 209 386 398
 357 (0.000000,0.000000)   4  26 239 347 397
 358 (0.000000,0.000000)   2  100 115
 359 (0.000000,0.000000)   4  191 258 354 414
 360 (0.000000,0.000000)  11  44 50 103 217 289 302 333 392 454 475 497
 361 (0.000000,0.000000)   5  169 237 307 346 372
 362 (0.000000,0.000000)   2  20 429
 363 (0.000000,0.000000)   8  30 37 84 171 183 200 232 239
 364 (0.000000,0.000000)   7  74 96 98 150 186 323 414
 365 (0.000000,0.000000)   0 
 366 (0.000000,0.000000)   3  22 207 318
 367 (0.000000,0.000000)   6  65 252 370 401 414 425
 368 (0.000000,0.000000)   2  192 270
 369 (0.000000,0.000000)   4  176 188 264 436
 370 (0.000000,0.000000)   4  197 367 371 451
 371 (0.000000,0.000000)   8  29 49 51 63 93 112 370 427
 372 (0.000000,0.000000)  11  10 73 87 121 236 268 326 361 390 423 431
 373 (0.000000,0.000000)   7  37 71 87 136 169 433 474
 374 (0.000000,0.000000)   7  75 103 111 165 217 227 231
 375 (0.000000,0.000000)   4  44 212 327 445
 376 (0.000000,0.000000)   5  185 188 198 242 397
 377 (0.000000,0.000000)   4  19 43 218 354
 378 (0.000000,0.000000)   4  134 224 422 440
 379 (0.000000,0.000000)   4  153 285 299 450
 380 (0.000000,0.000000)   4  120 275 296 454
 381 (0.000000,0.000000)   5  30 216 281 352 401
 382 (0.000000,0.000000)   3  237 286 350
 383 (0.000000,0.000000)   5  2 88 170 245 461
 384 (0.000000,0.000000)   3  5 155 320
 385 (0.000000,0.000000)   1  386
 386 (0.000000,0.000000)   5  98 172 314 356 385
 387 (0.000000,0.000000)   0 
 388 (0.000000,0.000000)   3  120 154 208
 389 (0.000000,0.000000)   6  19 187 296 320 495 498
 390 (0.000000,0.000000)   4  171 256 327 372
 391 (0.000000,0.000000)   3  170 231 264
 392 (0.000000,0.000000)   8  50 103 276 294 334 360 416 491
 393 (0.000000,0.000000)   4  63 165 286 311
 394 (0.000000,0.000000)   7  64 151 194 208 287 402 470
 395 (0.000000,0.000000)   3  244 279 347
 396 (0.000000,0.000000)   6  28 42 137 327 424 448
 397 (0.000000,0.000000)  10  18 68 100 106 131 140 345 357 376 445
 398 (0.000000,0.000000)   5  1 15 29 281 356
 399 (0.000000,0.000000)   5  146 152 273 440 491
 400 (0.000000,0.000000)   4  335 432 447 489
 401 (0.000000,0.000000)   5  148 262 317 367 381
 402 (0.000000,0.000000)   2  175 394
 403 (0.000000,0.000000)   3  51 56 316
 404 (0.000000,0.000000)   4  91 209 422 468
 405 (0.000000,0.000000)   6  49 55 104 184 247 271
 406 (0.000000,0.000000)   2  422 457
 407 (0.000000,0.000000)   7  15 128 154 169 334 475 482
 408 (0.000000,0.000000)   5  13 39 65 413 427
 409 (0.000000,0.000000)   2  233 411
 410 (0.000000,0.000000)   5  64 77 421 429 476
 411 (0.000000,0.000000)   3  135 315 409
 412 (0.000000,0.000000)   3  141 312 496
 413 (0.000000,0.000000)   4  141 329 408 441
 414 (0.000000,0.000000)   5  113 135 359 364 367
 415 (0.000000,0.000000)   5  53 99 120 220 255
 416 (0.000000,0.000000)   3  100 392 421
 417 (0.000000,0.000000)   8  19 88 163 196 256 303 461 480
 418 (0.000000,0.000000)   9  26 38 116 217 250 279 307 313 342
 419 (0.000000,0.000000)   5  57 158 186 251 342
 420 (0.000000,0.000000)   2  136 336
 421 (0.000000,0.000000)   6  305 317 410 416 434 457
 422 (0.000000,0.000000)   6  216 338 339 378 404 406
 423 (0.000000,0.000000)   4  92 130 236 372
 424 (0.000000,0.000000)   4  85 106 313 396
 425 (0.000000,0.000000)   8  11 90 134 201 224 314 345 367
 426 (0.000000,0.000000)   6  45 135 281 312 328 499
 427 (0.000000,0.000000)   5  197 296 371 408 450
 428 (0.000000,0.000000)   5  26 107 137 307 482
 429 (0.000000,0.000000)   5  7 143 308 362 410
 430 (0.000000,0.000000)   6  47 75 77 133 273 278
 431 (0.000000,0.000000)   8  53 61 200 333 343 372 486 499
 432 (0.000000,0.000000)   5  3 24 30 400 468
 433 (0.000000,0.000000)   6  73 296 297 373 457 493
 434 (0.000000,0.000000)   2  271 421
 435 (0.000000,0.000000)   1  496
 436 (0.000000,0.000000)  11  23 58 68 229 304 338 342 369 439 442 471
 437 (0.000000,0.000000)   4  114 224 301 452
 438 (0.000000,0.000000)   5  12 153 262 291 477
 439 (0.000000,0.000000)   7  110 250 312 316 436 448 492
 440 (0.000000,0.000000)   7  161 244 265 290 378 399 485
 441 (0.000000,0.000000)  11  16 30 66 110 111 126 177 203 413 452 495
 442 (0.000000,0.000000)   6  22 51 80 312 338 436
 443 (0.000000,0.000000)   7  12 82 137 171 270 333 341
 444 (0.000000,0.000000)   1  251
 445 (0.000000,0.000000)   6  51 116 200 232 375 397
 446 (0.000000,0.000000)   3  43 150 221
 447 (0.000000,0.000000)   1  400
 448 (0.000000,0.000000)   7  14 212 248 299 396 439 474
 449 (0.000000,0.000000)   6  38 56 142 222 298 474
 450 (0.000000,0.000000)   9  12 89 111 163 229 283 324 379 427
 451 (0.000000,0.000000)   3  306 370 468
 452 (0.000000,0.000000)   5  89 201 350 437 441
 453 (0.000000,0.000000)   5  17 87 90 239 289
 454 (0.000000,0.000000)   6  97 117 237 282 360 380
 455 (0.000000,0.000000)   5  1 18 261 316 335
 456 (0.000000,0.000000)   6  36 69 235 315 328 495
 457 (0.000000,0.000000)   7  66 93 291 351 406 421 433
 458 (0.000000,0.000000)   4  131 133 238 342
 459 (0.000000,0.000000)   6  42 65 161 224 248 460
 460 (0.000000,0.000000)   6  4 240 265 310 322 459
 461 (0.000000,0.000000)   3  266 383 417
 462 (0.000000,0.000000)   7  24 31 37 94 199 208 476
 463 (0.000000,0.000000)   1  152
 464 (0.000000,0.000000)   4  39 45 100 191
 465 (0.000000,0.000000)   5  112 119 208 240 305
 466 (0.000000,0.000000)   3  17 134 325
 467 (0.000000,0.000000)   2  30 354
 468 (0.000000,0.000000)   8  47 126 136 347 404 432 451 481
 469 (0.000000,0.000000)   6  7 8 41 206 236 337
 470 (0.000000,0.000000)   3  234 252 394
 471 (0.000000,0.000000)   3  231 257 436
 472 (0.000000,0.000000)   6  12 114 132 168 234 487
 473 (0.000000,0.000000)   3  38 106 476
 474 (0.000000,0.000000)   4  66 373 448 449
 475 (0.000000,0.000000)   5  16 239 317 360 407
 476 (0.000000,0.000000)   7  28 258 410 462 473 477 485
 477 (0.000000,0.000000)   5  11 23 24 438 476
 478 (0.000000,0.000000)   1  302
 479 (0.000000,0.000000)   7  59 87 162 174 186 318 481
 480 (0.000000,0.000000)   4  73 160 276 417
 481 (0.000000,0.000000)   6  116 141 212 352 468 479
 482 (0.000000,0.000000)   4  185 287 407 428
 483 (0.000000,0.000000)   1  199
 484 (0.000000,0.000000)   4  169 178 270 492
 485 (0.000000,0.000000)   4  24 274 440 476
 486 (0.000000,0.000000)   1  431
 487 (0.000000,0.000000)   3  48 162 472
 488 (0.000000,0.000000)   2  147 497
 489 (0.000000,0.000000)   4  3 192 235 400
 490 (0.000000,0.000000)   3  31 207 337
 491 (0.000000,0.000000)   6  48 196 199 342 392 399
 492 (0.000000,0.000000)   8  19 42 163 171 176 319 439 484
 493 (0.000000,0.000000)   5  63 132 189 257 433
 494 (0.000000,0.000000)   3  113 218 226
 495 (0.000000,0.000000)   6  15 106 171 389 441 456
 496 (0.000000,0.000000)   5  64 97 140 412 435
 497 (0.000000,0.000000)   6  26 40 88 163 360 488
 498 (0.000000,0.000000)   3  207 280 389
 499 (0.000000,0.000000)   4  117 197 426 431
 500 (0.000000,0.000000)   4  104 222 290 331
