   1 (0.000000,0.000000)   1  429
   2 (0.000000,0.000000)   4  58 346 373 465
   3 (0.000000,0.000000)   5  94 293 381 431 481
   4 (0.000000,0.000000)   3  27 363 458
   5 (0.000000,0.000000)   1  471
   6 (0.000000,0.000000)   1  79
   7 (0.000000,0.000000)   3  111 254 297
   8 (0.000000,0.000000)   3  257 425 432
   9 (0.000000,0.000000)   2  195 357
  10 (0.000000,0.000000)   2  24 95
  11 (0.000000,0.000000)   0 
  12 (0.000000,0.000000)   3  156 209 430
  13 (0.000000,0.000000)   2  229 314
  14 (0.000000,0.000000)   5  94 185 282 457 495
  15 (0.000000,0.000000)   4  77 148 253 283
  16 (0.000000,0.000000)   2  163 343
  17 (0.000000,0.000000)   2  180 471
  18 (0.000000,0.000000)   2  150 489
  19 (0.000000,0.000000)   2  96 332
  20 (0.000000,0.000000)   1  278
  21 (0.000000,0.000000)   2  421 429
  22 (0.000000,0.000000)   2  91 261
  23 (0.000000,0.000000)   2  215 294
  24 (0.000000,0.000000)   5  10 134 247 277 343
  25 (0.000000,0.000000)   3  76 221 265
  26 (0.000000,0.000000)   1  401
  27 (0.000000,0.000000)   3  4 466 481
  28 (0.000000,0.000000)   1  340
  29 (0.000000,0.000000)   1  71
  30 (0.000000,0.000000)   4  74 80 166 419
  31 (0.000000,0.000000)   2  411 483
  32 (0.000000,0.000000)   3  36 69 433
  33 (0.000000,0.000000)   1  52
  34 (0.000000,0.000000)   1  51
  35 (0.000000,0.000000)   5  93 221 234 249 311
  36 (0.000000,0.000000)   5  32 229 292 455 471
  37 (0.000000,0.000000)   1  166
  38 (0.000000,0.000000)   1  475
  39 (0.000000,0.000000)   0 
  40 (0.000000,0.000000)   1  42
  41 (0.000000,0.000000)   0 
  42 (0.000000,0.000000)   2  40 81
  43 (0.000000,0.000000)   0 
  44 (0.000000,0.000000)   3  159 235 295
  45 (0.000000,0.000000)   3  54 133 487
  46 (0.000000,0.000000)   2  60 200
  47 (0.000000,0.000000)   2  382 452
  48 (0.000000,0.000000)   2  100 376
  49 (0.000000,0.000000)   2  153 253
  50 (0.000000,0.000000)   0 
  51 (0.000000,0.000000)   1  34
  52 (0.000000,0.000000)   3  33 129 423
  53 (0.000000,0.000000)   3  112 200 232
  54 (0.000000,0.000000)   3  45 431 497
  55 (0.000000,0.000000)   4  171 228 250 468
  56 (0.000000,0.000000)   2  356 464
  57 (0.000000,0.000000)   1  338
  58 (0.000000,0.000000)   4  2 91 116 154
  59 (0.000000,0.000000)   3  148 206 403
  60 (0.000000,0.000000)   1  46
  61 (0.000000,0.000000)   2  117 358
  62 (0.000000,0.000000)   2  212 443
  63 (0.000000,0.000000)   2  360 401
  64 (0.000000,0.000000)   0 
  65 (0.000000,0.000000)   1  112
  66 (0.000000,0.000000)   0 
  67 (0.000000,0.000000)   2  300 400
  68 (0.000000,0.000000)   3  99 359 464
  69 (0.000000,0.000000)   3  32 288 425
  70 (0.000000,0.000000)   2  169 316
  71 (0.000000,0.000000)   5  29 81 89 91 279
  72 (0.000000,0.000000)   2  100 285
  73 (0.000000,0.000000)   2  241 377
  74 (0.000000,0.000000)   4  30 194 252 484
  75 (0.000000,0.000000)   1  367
  76 (0.000000,0.000000)   5  25 88 139 188 445
  77 (0.000000,0.000000)   2  15 354
  78 (0.000000,0.000000)   3  385 402 415
  79 (0.000000,0.000000)   5  6 170 279 333 472
  80 (0.000000,0.000000)   6  30 113 287 346 394 421
  81 (0.000000,0.000000)   4  42 71 156 276
  82 (0.000000,0.000000)   2  221 375
  83 (0.000000,0.000000)   3  429 430 489
  84 (0.000000,0.000000)   5  108 308 325 339 363
  85 (0.000000,0.000000)   2  174 197
  86 (0.000000,0.000000)   3  211 287 436
  87 (0.000000,0.000000)   0 
  88 (0.000000,0.000000)   4  76 167 322 488
  89 (0.000000,0.000000)   2  71 156
  90 (0.000000,0.000000)   1  110
  91 (0.000000,0.000000)   7  22 58 71 200 368 375 443
  92 (0.000000,0.000000)   0 
  93 (0.000000,0.000000)   4  35 115 130 494
  94 (0.000000,0.000000)   2  3 14
  95 (0.000000,0.000000)   3  10 310 363
  96 (0.000000,0.000000)   9  19 234 248 255 301 450 452 461 490
  97 (0.000000,0.000000)   4  154 367 372 426
  98 (0.000000,0.000000)   5  152 302 359 445 462
  99 (0.000000,0.000000)   2  68 282
 100 (0.000000,0.000000)   2  48 72
 101 (0.000000,0.000000)   4  102 168 360 470
 102 (0.000000,0.000000)   1  101
 103 (0.000000,0.000000)   1  448
 104 (0.000000,0.000000)   3  204 222 487
 105 (0.000000,0.000000)   2  195 313
 106 (0.000000,0.000000)   0 
 107 (0.000000,0.000000)   2  112 249
 108 (0.000000,0.000000)   3  84 294 421
 109 (0.000000,0.000000)   1  213
 110 (0.000000,0.000000)   2  90 196
 111 (0.000000,0.000000)   3  7 201 294
 112 (0.000000,0.000000)   7  53 65 107 151 165 293 465
 113 (0.000000,0.000000)   3  80 318 393
 114 (0.000000,0.000000)   3  194 341 418
 115 (0.000000,0.000000)   2  93 278
 116 (0.000000,0.000000)   2  58 433
 117 (0.000000,0.000000)   3  61 154 300
 118 (0.000000,0.000000)   1  376
 119 (0.000000,0.000000)   4  247 257 406 424
 120 (0.000000,0.000000)   3  135 314 318
 121 (0.000000,0.000000)   3  133 149 390
 122 (0.000000,0.000000)   1  483
 123 (0.000000,0.000000)   2  312 393
 124 (0.000000,0.000000)   2  402 474
 125 (0.000000,0.000000)   2  450 492
 126 (0.000000,0.000000)   2  238 375
 127 (0.000000,0.000000)   0 
 128 (0.000000,0.000000)   1  409
 129 (0.000000,0.000000)   1  52
 130 (0.000000,0.000000)   5  93 196 294 304 467
 131 (0.000000,0.000000)   1  188
 132 (0.000000,0.000000)   0 
 133 (0.000000,0.000000)   3  45 121 367
 134 (0.000000,0.000000)   1  24
 135 (0.000000,0.000000)   4  120 222 261 442
 136 (0.000000,0.000000)   2  187 434
 137 (0.000000,0.000000)   3  251 260 432
 138 (0.000000,0.000000)   1  377
 139 (0.000000,0.000000)   3  76 256 454
 140 (0.000000,0.000000)   2  156 324
 141 (0.000000,0.000000)   2  155 353
 142 (0.000000,0.000000)   1  490
 143 (0.000000,0.000000)   2  293 338
 144 (0.000000,0.000000)   0 
 145 (0.000000,0.000000)   2  190 413
 146 (0.000000,0.000000)   1  466
 147 (0.000000,0.000000)   0 
 148 (0.000000,0.000000)   4  15 59 279 318
 149 (0.000000,0.000000)   4  121 333 384 459
 150 (0.000000,0.000000)   3  18 183 237
 151 (0.000000,0.000000)   5  112 157 302 458 459
 152 (0.000000,0.000000)   1  98
 153 (0.000000,0.000000)   1  49
 154 (0.000000,0.000000)   5  58 97 117 245 337
 155 (0.000000,0.000000)   2  141 176
 156 (0.000000,0.000000)   7  12 81 89 140 365 416 489
 157 (0.000000,0.000000)   2  151 286
 158 (0.000000,0.000000)   1  477
 159 (0.000000,0.000000)   4  44 373 381 453
 160 (0.000000,0.000000)   3  194 199 496
 161 (0.000000,0.000000)   1  232
 162 (0.000000,0.000000)   2  227 404
 163 (0.000000,0.000000)   3  16 304 320
 164 (0.000000,0.000000)   2  245 253
 165 (0.000000,0.000000)   4  112 235 443 454
 166 (0.000000,0.000000)   3  30 37 331
 167 (0.000000,0.000000)   3  88 182 237
 168 (0.000000,0.000000)   6  101 254 314 375 477 488
 169 (0.000000,0.000000)   1  70
 170 (0.000000,0.000000)   4  79 216 344 464
 171 (0.000000,0.000000)   3  55 230 247
 172 (0.000000,0.000000)   2  331 445
 173 (0.000000,0.000000)   2  249 423
 174 (0.000000,0.000000)   1  85
 175 (0.000000,0.000000)   2  306 404
 176 (0.000000,0.000000)   4  155 195 389 477
 177 (0.000000,0.000000)   0 
 178 (0.000000,0.000000)   3  300 348 469
 179 (0.000000,0.000000)   2  225 279
 180 (0.000000,0.000000)   1  17
 181 (0.000000,0.000000)   4  294 367 376 382
 182 (0.000000,0.000000)   3  167 305 306
 183 (0.000000,0.000000)   2  150 271
 184 (0.000000,0.000000)   2  379 450
 185 (0.000000,0.000000)   2  14 399
 186 (0.000000,0.000000)   2  294 371
 187 (0.000000,0.000000)   5  136 230 236 277 461
 188 (0.000000,0.000000)   3  76 131 287
 189 (0.000000,0.000000)   3  293 412 437
 190 (0.000000,0.000000)   3  145 241 385
 191 (0.000000,0.000000)   1  416
 192 (0.000000,0.000000)   2  268 344
 193 (0.000000,0.000000)   3  344 356 394
 194 (0.000000,0.000000)   6  74 114 160 226 243 301
 195 (0.000000,0.000000)   5  9 105 176 256 299
 196 (0.000000,0.000000)   2  110 130
 197 (0.000000,0.000000)   3  85 225 424
 198 (0.000000,0.000000)   0 
 199 (0.000000,0.000000)   3  160 202 259
 200 (0.000000,0.000000)   3  46 53 91
 201 (0.000000,0.000000)   2  111 404
 202 (0.000000,0.000000)   1  199
 203 (0.000000,0.000000)   0 
 204 (0.000000,0.000000)   3  104 446 455
 205 (0.000000,0.000000)   1  424
 206 (0.000000,0.000000)   3  59 403 487
 207 (0.000000,0.000000)   0 
 208 (0.000000,0.000000)   3  318 363 462
 209 (0.000000,0.000000)   3  12 271 453
 210 (0.000000,0.000000)   0 
 211 (0.000000,0.000000)   4  86 258 265 425
 212 (0.000000,0.000000)   2  62 241
 213 (0.000000,0.000000)   5  109 218 252 298 483
 214 (0.000000,0.000000)   0 
 215 (0.000000,0.000000)   3  23 328 443
 216 (0.000000,0.000000)   2  170 385
 217 (0.000000,0.000000)   0 
 218 (0.000000,0.000000)   1  213
 219 (0.000000,0.000000)   0 
 220 (0.000000,0.000000)   2  254 376
 221 (0.000000,0.000000)   6  25 35 82 244 388 406
 222 (0.000000,0.000000)   2  104 135
 223 (0.000000,0.000000)   2  362 492
 224 (0.000000,0.000000)   0 
 225 (0.000000,0.000000)   5  179 197 437 456 494
 226 (0.000000,0.000000)   3  194 410 474
 227 (0.000000,0.000000)   1  162
 228 (0.000000,0.000000)   4  55 269 428 455
 229 (0.000000,0.000000)   2  13 36
 230 (0.000000,0.000000)   5  171 187 253 377 441
 231 (0.000000,0.000000)   0 
 232 (0.000000,0.000000)   3  53 161 430
 233 (0.000000,0.000000)   0 
 234 (0.000000,0.000000)   2  35 96
 235 (0.000000,0.000000)   3  44 165 493
 236 (0.000000,0.000000)   2  187 472
 237 (0.000000,0.000000)   4  150 167 288 376
 238 (0.000000,0.000000)   3  126 320 435
 239 (0.000000,0.000000)   1  441
 240 (0.000000,0.000000)   1  273
 241 (0.000000,0.000000)   5  73 190 212 415 449
 242 (0.000000,0.000000)   0 
 243 (0.000000,0.000000)   2  194 481
 244 (0.000000,0.000000)   3  221 273 320
 245 (0.000000,0.000000)   5  154 164 383 445 486
 246 (0.000000,0.000000)   1  268
 247 (0.000000,0.000000)   4  24 119 171 332
 248 (0.000000,0.000000)   3  96 349 408
 249 (0.000000,0.000000)   3  35 107 173
 250 (0.000000,0.000000)   1  55
 251 (0.000000,0.000000)   5  137 254 289 304 307
 252 (0.000000,0.000000)   4  74 213 332 375
 253 (0.000000,0.000000)   5  15 49 164 230 393
 254 (0.000000,0.000000)   6  7 168 220 251 333 390
 255 (0.000000,0.000000)   4  96 260 280 491
 256 (0.000000,0.000000)   3  139 195 467
 257 (0.000000,0.000000)   2  8 119
 258 (0.000000,0.000000)   1  211
 259 (0.000000,0.000000)   3  199 315 489
 260 (0.000000,0.000000)   5  137 255 337 421 435
 261 (0.000000,0.000000)   2  22 135
 262 (0.000000,0.000000)   1  348
 263 (0.000000,0.000000)   0 
 264 (0.000000,0.000000)   2  284 328
 265 (0.000000,0.000000)   2  25 211
 266 (0.000000,0.000000)   0 
 267 (0.000000,0.000000)   2  325 336
 268 (0.000000,0.000000)   3  192 246 482
 269 (0.000000,0.000000)   4  228 301 377 464
 270 (0.000000,0.000000)   3  288 347 433
 271 (0.000000,0.000000)   2  183 209
 272 (0.000000,0.000000)   0 
 273 (0.000000,0.000000)   2  240 244
 274 (0.000000,0.000000)   1  410
 275 (0.000000,0.000000)   2  366 368
 276 (0.000000,0.000000)   2  81 462
 277 (0.000000,0.000000)   3  24 187 309
 278 (0.000000,0.000000)   4  20 115 367 486
 279 (0.000000,0.000000)   5  71 79 148 179 281
 280 (0.000000,0.000000)   3  255 289 436
 281 (0.000000,0.000000)   2  279 480
 282 (0.000000,0.000000)   6  14 99 297 351 471 496
 283 (0.000000,0.000000)   3  15 297 340
 284 (0.000000,0.000000)   2  264 306
 285 (0.000000,0.000000)   1  72
 286 (0.000000,0.000000)   1  157
 287 (0.000000,0.000000)   4  80 86 188 486
 288 (0.000000,0.000000)   6  69 237 270 323 340 341
 289 (0.000000,0.000000)   3  251 280 447
 290 (0.000000,0.000000)   1  302
 291 (0.000000,0.000000)   3  385 439 485
 292 (0.000000,0.000000)   2  36 351
 293 (0.000000,0.000000)   6  3 112 143 189 418 464
 294 (0.000000,0.000000)   7  23 108 111 130 181 186 467
 295 (0.000000,0.000000)   3  44 327 340
 296 (0.000000,0.000000)   0 
 297 (0.000000,0.000000)   6  7 282 283 356 431 450
 298 (0.000000,0.000000)   1  213
 299 (0.000000,0.000000)   2  195 441
 300 (0.000000,0.000000)   4  67 117 178 308
 301 (0.000000,0.000000)   3  96 194 269
 302 (0.000000,0.000000)   5  98 151 290 310 443
 303 (0.000000,0.000000)   2  393 394
 304 (0.000000,0.000000)   5  130 163 251 393 464
 305 (0.000000,0.000000)   2  182 349
 306 (0.000000,0.000000)   3  175 182 284
 307 (0.000000,0.000000)   2  251 488
 308 (0.000000,0.000000)   2  84 300
 309 (0.000000,0.000000)   3  277 317 406
 310 (0.000000,0.000000)   3  95 302 362
 311 (0.000000,0.000000)   1  35
 312 (0.000000,0.000000)   2  123 473
 313 (0.000000,0.000000)   2  105 368
 314 (0.000000,0.000000)   3  13 120 168
 315 (0.000000,0.000000)   2  259 494
 316 (0.000000,0.000000)   2  70 449
 317 (0.000000,0.000000)   2  309 396
 318 (0.000000,0.000000)   7  113 120 148 208 375 430 467
 319 (0.000000,0.000000)   1  447
 320 (0.000000,0.000000)   3  163 238 244
 321 (0.000000,0.000000)   0 
 322 (0.000000,0.000000)   3  88 338 384
 323 (0.000000,0.000000)   1  288
 324 (0.000000,0.000000)   3  140 441 485
 325 (0.000000,0.000000)   4  84 267 379 480
 326 (0.000000,0.000000)   1  405
 327 (0.000000,0.000000)   2  295 435
 328 (0.000000,0.000000)   4  215 264 453 463
 329 (0.000000,0.000000)   0 
 330 (0.000000,0.000000)   0 
 331 (0.000000,0.000000)   2  166 172
 332 (0.000000,0.000000)   3  19 247 252
 333 (0.000000,0.000000)   4  79 149 254 377
 334 (0.000000,0.000000)   2  400 499
 335 (0.000000,0.000000)   1  374
 336 (0.000000,0.000000)   3  267 434 482
 337 (0.000000,0.000000)   3  154 260 495
 338 (0.000000,0.000000)   4  57 143 322 440
 339 (0.000000,0.000000)   1  84
 340 (0.000000,0.000000)   4  28 283 288 295
 341 (0.000000,0.000000)   2  114 288
 342 (0.000000,0.000000)   1  494
 343 (0.000000,0.000000)   3  16 24 439
 344 (0.000000,0.000000)   3  170 192 193
 345 (0.000000,0.000000)   0 
 346 (0.000000,0.000000)   3  2 80 412
 347 (0.000000,0.000000)   1  270
 348 (0.000000,0.000000)   4  178 262 362 433
 349 (0.000000,0.000000)   2  248 305
 350 (0.000000,0.000000)   1  413
 351 (0.000000,0.000000)   3  282 292 464
 352 (0.000000,0.000000)   1  410
 353 (0.000000,0.000000)   1  141
 354 (0.000000,0.000000)   1  77
 355 (0.000000,0.000000)   0 
 356 (0.000000,0.000000)   4  56 193 297 471
 357 (0.000000,0.000000)   1  9
 358 (0.000000,0.000000)   4  61 431 435 463
 359 (0.000000,0.000000)   3  68 98 458
 360 (0.000000,0.000000)   3  63 101 473
 361 (0.000000,0.000000)   4  405 433 456 489
 362 (0.000000,0.000000)   3  223 310 348
 363 (0.000000,0.000000)   4  4 84 95 208
 364 (0.000000,0.000000)   0 
 365 (0.000000,0.000000)   1  156
 366 (0.000000,0.000000)   2  275 428
 367 (0.000000,0.000000)   5  75 97 133 181 278
 368 (0.000000,0.000000)   3  91 275 313
 369 (0.000000,0.000000)   0 
 370 (0.000000,0.000000)   1  382
 371 (0.000000,0.000000)   2  186 474
 372 (0.000000,0.000000)   3  97 374 482
 373 (0.000000,0.000000)   4  2 159 404 425
 374 (0.000000,0.000000)   3  335 372 495
 375 (0.000000,0.000000)   7  82 91 126 168 252 318 493
 376 (0.000000,0.000000)   5  48 118 181 220 237
 377 (0.000000,0.000000)   5  73 138 230 269 333
 378 (0.000000,0.000000)   1  428
 379 (0.000000,0.000000)   2  184 325
 380 (0.000000,0.000000)   1  452
 381 (0.000000,0.000000)   2  3 159
 382 (0.000000,0.000000)   3  47 181 370
 383 (0.000000,0.000000)   2  245 474
 384 (0.000000,0.000000)   3  149 322 458
 385 (0.000000,0.000000)   6  78 190 216 291 407 430
 386 (0.000000,0.000000)   1  487
 387 (0.000000,0.000000)   0 
 388 (0.000000,0.000000)   1  221
 389 (0.000000,0.000000)   2  176 455
 390 (0.000000,0.000000)   2  121 254
 391 (0.000000,0.000000)   1  494
 392 (0.000000,0.000000)   2  454 489
 393 (0.000000,0.000000)   5  113 123 253 303 304
 394 (0.000000,0.000000)   3  80 193 303
 395 (0.000000,0.000000)   1  429
 396 (0.000000,0.000000)   1  317
 397 (0.000000,0.000000)   0 
 398 (0.000000,0.000000)   0 
 399 (0.000000,0.000000)   2  185 472
 400 (0.000000,0.000000)   2  67 334
 401 (0.000000,0.000000)   2  26 63
 402 (0.000000,0.000000)   3  78 124 433
 403 (0.000000,0.000000)   2  59 206
 404 (0.000000,0.000000)   4  162 175 201 373
 405 (0.000000,0.000000)   2  326 361
 406 (0.000000,0.000000)   3  119 221 309
 407 (0.000000,0.000000)   1  385
 408 (0.000000,0.000000)   1  248
 409 (0.000000,0.000000)   1  128
 410 (0.000000,0.000000)   5  226 274 352 482 484
 411 (0.000000,0.000000)   1  31
 412 (0.000000,0.000000)   2  189 346
 413 (0.000000,0.000000)   2  145 350
 414 (0.000000,0.000000)   2  421 480
 415 (0.000000,0.000000)   2  78 241
 416 (0.000000,0.000000)   3  156 191 471
 417 (0.000000,0.000000)   0 
 418 (0.000000,0.000000)   2  114 293
 419 (0.000000,0.000000)   1  30
 420 (0.000000,0.000000)   0 
 421 (0.000000,0.000000)   6  21 80 108 260 414 498
 422 (0.000000,0.000000)   1  460
 423 (0.000000,0.000000)   2  52 173
 424 (0.000000,0.000000)   3  119 197 205
 425 (0.000000,0.000000)   5  8 69 211 373 437
 426 (0.000000,0.000000)   2  97 456
 427 (0.000000,0.000000)   1  487
 428 (0.000000,0.000000)   4  228 366 378 477
 429 (0.000000,0.000000)   4  1 21 83 395
 430 (0.000000,0.000000)   5  12 83 232 318 385
 431 (0.000000,0.000000)   4  3 54 297 358
 432 (0.000000,0.000000)   2  8 137
 433 (0.000000,0.000000)   6  32 116 270 348 361 402
 434 (0.000000,0.000000)   2  136 336
 435 (0.000000,0.000000)   4  238 260 327 358
 436 (0.000000,0.000000)   4  86 280 482 483
 437 (0.000000,0.000000)   3  189 225 425
 438 (0.000000,0.000000)   0 
 439 (0.000000,0.000000)   2  291 343
 440 (0.000000,0.000000)   1  338
 441 (0.000000,0.000000)   4  230 239 299 324
 442 (0.000000,0.000000)   1  135
 443 (0.000000,0.000000)   5  62 91 165 215 302
 444 (0.000000,0.000000)   0 
 445 (0.000000,0.000000)   4  76 98 172 245
 446 (0.000000,0.000000)   1  204
 447 (0.000000,0.000000)   2  289 319
 448 (0.000000,0.000000)   1  103
 449 (0.000000,0.000000)   2  241 316
 450 (0.000000,0.000000)   5  96 125 184 297 485
 451 (0.000000,0.000000)   0 
 452 (0.000000,0.000000)   3  47 96 380
 453 (0.000000,0.000000)   3  159 209 328
 454 (0.000000,0.000000)   4  139 165 392 484
 455 (0.000000,0.000000)   5  36 204 228 389 486
 456 (0.000000,0.000000)   3  225 361 426
 457 (0.000000,0.000000)   1  14
 458 (0.000000,0.000000)   4  4 151 359 384
 459 (0.000000,0.000000)   2  149 151
 460 (0.000000,0.000000)   1  422
 461 (0.000000,0.000000)   3  96 187 490
 462 (0.000000,0.000000)   3  98 208 276
 463 (0.000000,0.000000)   2  328 358
 464 (0.000000,0.000000)   8  56 68 170 269 293 304 351 482
 465 (0.000000,0.000000)   3  2 112 497
 466 (0.000000,0.000000)   2  27 146
 467 (0.000000,0.000000)   4  130 256 294 318
 468 (0.000000,0.000000)   2  55 472
 469 (0.000000,0.000000)   1  178
 470 (0.000000,0.000000)   1  101
 471 (0.000000,0.000000)   6  5 17 36 282 356 416
 472 (0.000000,0.000000)   4  79 236 399 468
 473 (0.000000,0.000000)   2  312 360
 474 (0.000000,0.000000)   4  124 226 371 383
 475 (0.000000,0.000000)   1  38
 476 (0.000000,0.000000)   0 
 477 (0.000000,0.000000)   5  158 168 176 428 482
 478 (0.000000,0.000000)   0 
 479 (0.000000,0.000000)   0 
 480 (0.000000,0.000000)   3  281 325 414
 481 (0.000000,0.000000)   3  3 27 243
 482 (0.000000,0.000000)   7  268 336 372 410 436 464 477
 483 (0.000000,0.000000)   4  31 122 213 436
 484 (0.000000,0.000000)   3  74 410 454
 485 (0.000000,0.000000)   3  291 324 450
 486 (0.000000,0.000000)   4  245 278 287 455
 487 (0.000000,0.000000)   5  45 104 206 386 427
 488 (0.000000,0.000000)   3  88 168 307
 489 (0.000000,0.000000)   6  18 83 156 259 361 392
 490 (0.000000,0.000000)   3  96 142 461
 491 (0.000000,0.000000)   1  255
 492 (0.000000,0.000000)   2  125 223
 493 (0.000000,0.000000)   2  235 375
 494 (0.000000,0.000000)   5  93 225 315 342 391
 495 (0.000000,0.000000)   3  14 337 374
 496 (0.000000,0.000000)   2  160 282
 497 (0.000000,0.000000)   2  54 465
 498 (0.000000,0.000000)   1  421
 499 (0.000000,0.000000)   1  334
 500 (0.000000,0.000000)   0 
