   1 (0.502987,0.528829)   8  28 102 162 233 360 393 460 500
   2 (0.218249,0.558326)   2  79 434
   3 (0.765435,0.882360)   3  165 209 257
   4 (0.166640,0.304932)   6  44 202 212 279 399 441
   5 (0.348176,0.438813)   7  36 93 95 146 231 304 450
   6 (0.805717,0.121829)   6  8 173 246 265 302 496
   7 (0.277979,0.322351)   4  170 203 215 420
   8 (0.814986,0.170967)   8  6 89 246 272 302 346 465 496
   9 (0.697623,0.780966)   4  256 363 462 479
  10 (0.851179,0.033235)   7  34 117 161 316 447 449 481
  11 (0.729293,0.463057)   4  32 277 437 478
  12 (0.663327,0.017819)   1  390
  13 (0.338168,0.077469)   7  20 38 143 294 358 365 473
  14 (0.901871,0.469044)   6  194 228 241 359 458 468
  15 (0.139648,0.616147)   3  112 130 444
  16 (0.399819,0.716857)   5  106 119 140 148 405
  17 (0.640011,0.837271)   3  63 229 363
  18 (0.397113,0.250998)   7  252 273 305 307 376 497 499
  19 (0.750092,0.369304)   3  195 242 439
  20 (0.300328,0.060440)  10  13 21 38 115 122 131 294 365 396 474
  21 (0.268817,0.088260)  12  20 26 38 131 211 294 358 365 396 400 471 474
  22 (0.446772,0.202199)   8  71 103 252 305 307 404 416 499
  23 (0.529484,0.408465)   5  116 349 397 411 442
  24 (0.704407,0.846592)   8  63 165 198 332 417 432 479 480
  25 (0.919055,0.169495)   6  111 239 264 356 373 469
  26 (0.245736,0.101520)   9  21 38 120 131 211 396 400 471 474
  27 (0.097590,0.669147)   5  77 138 192 218 446
  28 (0.538799,0.546064)   9  1 153 162 233 344 345 360 460 500
  29 (0.161960,0.366407)   9  44 57 166 202 399 414 422 472 486
  30 (0.757407,0.985571)   4  73 109 142 160
  31 (0.748263,0.691444)   2  67 91
  32 (0.774873,0.461814)   6  11 268 277 437 478 494
  33 (0.832163,0.667318)   5  55 67 91 278 281
  34 (0.860939,0.020609)   6  10 117 161 316 449 481
  35 (0.563334,0.929753)   3  163 201 381
  36 (0.336466,0.399738)  10  5 95 146 191 204 226 231 304 421 450
  37 (0.566673,0.725294)   5  69 205 285 368 431
  38 (0.296160,0.093873)  11  13 20 21 26 131 294 358 365 396 471 474
  39 (0.385309,0.314936)   4  144 189 273 376
  40 (0.416739,0.071033)   6  47 143 197 206 217 298
  41 (0.555687,0.217472)   3  68 84 433
  42 (0.982254,0.277678)   2  48 62
  43 (0.091641,0.119021)   6  260 267 364 375 394 456
  44 (0.147225,0.318720)   6  4 29 202 212 399 441
  45 (0.677416,0.658314)   5  76 105 401 424 451
  46 (0.844315,0.443385)   6  135 194 300 314 318 468
  47 (0.412593,0.062725)   5  40 143 206 217 298
  48 (0.973250,0.261053)   2  42 62
  49 (0.514417,0.968279)   2  159 310
  50 (0.280197,0.955504)   5  54 99 188 207 320
  51 (0.538731,0.606059)   2  282 477
  52 (0.087300,0.427422)   3  384 388 414
  53 (0.274224,0.216147)   9  56 128 150 157 196 224 324 334 367
  54 (0.264373,0.931615)   4  50 99 207 378
  55 (0.870806,0.686816)   2  33 371
  56 (0.278872,0.237623)   9  53 128 150 157 215 270 324 334 367
  57 (0.192668,0.385224)   7  29 166 399 422 467 472 486
  58 (0.655095,0.559069)   1  132
  59 (0.193127,0.731400)   5  342 350 352 409 454
  60 (0.991283,0.742395)   4  183 335 395 418
  61 (0.986491,0.467350)   3  185 331 382
  62 (0.947547,0.255655)   7  42 48 137 156 239 254 448
  63 (0.674010,0.857297)   7  17 24 198 332 417 432 480
  64 (0.154166,0.226419)   7  97 149 212 220 225 274 441
  65 (0.493278,0.866678)   8  136 172 208 249 293 381 389 435
  66 (0.242521,0.809262)   1  430
  67 (0.785488,0.686405)   3  31 33 91
  68 (0.598078,0.233804)   5  41 84 167 190 327
  69 (0.551657,0.771979)   7  37 88 287 328 343 368 431
  70 (0.153755,0.545625)   3  75 407 485
  71 (0.489459,0.225667)   4  22 307 416 433
  72 (0.629276,0.307921)   6  98 108 190 269 296 386
  73 (0.772044,0.982737)   4  30 109 142 299
  74 (0.092345,0.871797)   5  87 312 329 436 455
  75 (0.117183,0.557532)   5  70 155 407 444 485
  76 (0.669142,0.690423)   1  45
  77 (0.105601,0.668840)   5  27 138 192 218 446
  78 (0.329511,0.822897)   5  124 255 323 336 427
  79 (0.236048,0.595060)   6  2 238 291 311 403 434
  80 (0.894507,0.958787)   1  482
  81 (0.130818,0.008092)   1  309
  82 (0.577798,0.986853)   4  163 201 310 338
  83 (0.830585,0.248001)  11  89 145 223 237 251 272 346 361 402 490 491
  84 (0.565624,0.246940)   3  41 68 301
  85 (0.677276,0.936186)   3  398 480 493
  86 (0.916841,0.895135)   3  127 247 355
  87 (0.069837,0.913324)   4  74 329 436 455
  88 (0.531246,0.811348)   5  69 287 315 328 343
  89 (0.853922,0.200654)   9  8 83 111 272 346 361 373 465 469
  90 (0.921416,0.109044)   5  100 227 264 377 447
  91 (0.798201,0.684507)   3  31 33 67
  92 (0.448655,0.487040)   4  102 125 357 393
  93 (0.355983,0.475477)   5  5 95 169 231 450
  94 (0.620692,0.365496)   4  98 108 180 289
  95 (0.382175,0.425820)   8  5 36 93 146 191 231 357 450
  96 (0.388801,0.151938)   3  322 404 473
  97 (0.176845,0.236097)   8  64 212 225 274 279 419 440 441
  98 (0.626474,0.310217)   7  72 94 108 190 269 296 386
  99 (0.260982,0.975046)   4  50 54 207 320
 100 (0.920604,0.075130)   5  90 161 227 377 447
 101 (0.797257,0.616965)   6  154 174 243 278 281 443
 102 (0.450523,0.541296)   6  1 92 125 290 393 500
 103 (0.440626,0.179432)   4  22 252 305 404
 104 (0.042785,0.839325)   2  329 379
 105 (0.693235,0.617471)   3  45 451 475
 106 (0.415529,0.669259)   6  16 129 133 148 313 392
 107 (0.149542,0.954217)   4  141 284 286 413
 108 (0.592517,0.336133)   7  72 94 98 180 301 347 348
 109 (0.744389,0.946799)   2  30 73
 110 (0.571182,0.043041)   1  295
 111 (0.877429,0.185015)   8  25 89 239 272 346 373 465 469
 112 (0.126231,0.613967)   4  15 130 444 446
 113 (0.882366,0.570664)   3  178 461 495
 114 (0.802486,0.541760)   7  154 214 243 248 268 275 494
 115 (0.283226,0.031908)   5  20 122 211 365 474
 116 (0.524880,0.395003)   5  23 349 397 411 442
 117 (0.877893,0.027615)   7  10 34 161 316 447 449 481
 118 (0.978707,0.096062)   2  264 369
 119 (0.438044,0.755322)   6  16 148 199 200 370 464
 120 (0.212630,0.104939)   6  26 131 308 362 400 471
 121 (0.710029,0.320409)   6  195 240 242 269 386 439
 122 (0.325986,0.015117)   2  20 115
 123 (0.646699,0.993255)   4  258 338 398 493
 124 (0.352317,0.850866)   5  78 323 336 427 488
 125 (0.410120,0.524592)   4  92 102 169 290
 126 (0.020870,0.331025)   1  230
 127 (0.946928,0.848164)   4  86 179 247 355
 128 (0.279915,0.233500)   9  53 56 150 157 215 270 324 334 367
 129 (0.435963,0.656957)   6  106 133 148 177 313 392
 130 (0.168573,0.605900)   4  15 112 434 444
 131 (0.248617,0.082662)  11  20 21 26 38 120 211 365 396 400 471 474
 132 (0.650211,0.520890)   2  58 151
 133 (0.456766,0.658737)   8  106 129 148 177 181 280 317 392
 134 (0.607255,0.671082)   4  282 285 401 424
 135 (0.851915,0.403694)   4  46 300 314 318
 136 (0.506900,0.887169)   6  65 172 208 249 381 435
 137 (0.904582,0.287878)  12  62 145 156 237 244 251 254 361 402 448 490 491
 138 (0.060651,0.675473)   4  27 77 192 446
 139 (0.493070,0.153199)   3  326 433 476
 140 (0.370541,0.710862)   2  16 405
 141 (0.196364,0.949836)   3  107 410 413
 142 (0.811936,0.977795)   3  30 73 299
 143 (0.381944,0.048279)   6  13 40 47 186 206 298
 144 (0.353530,0.318836)   3  39 189 226
 145 (0.864965,0.286526)  11  83 137 237 244 251 254 361 402 448 490 491
 146 (0.336157,0.414181)  10  5 36 95 191 204 226 231 304 421 450
 147 (0.994309,0.358034)   0 
 148 (0.439725,0.706697)   8  16 106 119 129 133 181 317 392
 149 (0.125044,0.190673)   2  64 333
 150 (0.307871,0.251660)   6  53 56 128 215 334 367
 151 (0.684493,0.506988)   1  132
 152 (0.238952,0.661401)   6  238 291 311 403 454 498
 153 (0.570496,0.549457)   5  28 236 344 345 460
 154 (0.793513,0.575108)   8  101 114 174 214 243 275 281 443
 155 (0.075582,0.564805)   4  75 407 444 485
 156 (0.907492,0.233238)  10  62 137 237 239 251 254 361 402 448 490
 157 (0.281806,0.200626)   8  53 56 128 196 224 324 334 367
 158 (0.755478,0.215362)   1  297
 159 (0.484898,0.966299)   2  49 310
 160 (0.707613,0.994430)   2  30 493
 161 (0.876763,0.055394)   9  10 34 100 117 227 316 377 447 481
 162 (0.515756,0.501127)   6  1 28 233 360 393 460
 163 (0.569538,0.952346)   4  35 82 201 310
 164 (0.620200,0.423248)   5  234 235 425 452 484
 165 (0.734365,0.851344)   8  3 24 198 257 332 417 432 479
 166 (0.152971,0.375678)   8  29 57 202 399 414 422 472 486
 167 (0.638610,0.219263)   3  68 190 327
 168 (0.817643,0.860585)   3  209 257 341
 169 (0.370108,0.515374)   4  93 125 263 290
 170 (0.274658,0.333399)   4  7 203 215 420
 171 (0.361712,0.939646)   3  188 276 488
 172 (0.467719,0.894857)   7  65 136 208 222 249 389 435
 173 (0.756646,0.096077)   3  6 265 302
 174 (0.790990,0.620691)   6  101 154 243 278 281 443
 175 (0.270535,0.395257)   5  304 321 366 420 467
 176 (0.315340,0.608633)   5  250 353 383 412 445
 177 (0.481276,0.640643)   3  129 133 317
 178 (0.910630,0.589998)   8  113 245 283 372 426 461 470 495
 179 (0.942031,0.842987)   3  127 247 355
 180 (0.580289,0.378350)   4  94 108 348 411
 181 (0.484855,0.698678)   8  133 148 205 280 317 370 392 459
 182 (0.939064,0.371279)   1  466
 183 (0.999040,0.755390)   3  60 335 395
 184 (0.093934,0.254404)   6  212 220 232 274 408 441
 185 (0.979912,0.480316)   4  61 331 359 382
 186 (0.396033,0.004565)   3  143 206 298
 187 (0.844402,0.921944)   1  299
 188 (0.323303,0.976322)   3  50 171 320
 189 (0.382914,0.329256)   4  39 144 273 376
 190 (0.620621,0.262368)   6  68 72 98 167 296 327
 191 (0.347602,0.381955)   9  36 95 146 204 226 231 304 421 450
 192 (0.084646,0.714556)   4  27 77 138 218
 193 (0.516772,0.327514)   4  340 347 348 438
 194 (0.862271,0.480679)   5  14 46 248 458 468
 195 (0.719120,0.361173)   6  19 121 240 242 289 439
 196 (0.249457,0.185574)   7  53 157 224 324 334 367 440
 197 (0.457002,0.102035)   4  40 217 303 326
 198 (0.690430,0.870078)   7  24 63 165 332 417 432 480
 199 (0.447942,0.804603)   6  119 200 293 389 435 464
 200 (0.483989,0.775076)   4  119 199 370 464
 201 (0.584634,0.964714)   5  35 82 163 310 338
 202 (0.132117,0.346260)   6  4 29 44 166 399 472
 203 (0.255756,0.303755)   6  7 170 215 270 279 420
 204 (0.325887,0.381574)   8  36 146 191 226 231 304 421 450
 205 (0.531834,0.712757)   8  37 181 280 285 317 370 431 459
 206 (0.405789,0.016317)   5  40 47 143 186 298
 207 (0.251653,0.979776)   4  50 54 99 410
 208 (0.517360,0.889778)   5  65 136 172 249 381
 209 (0.791393,0.836287)   3  3 168 257
 210 (0.944490,0.649477)   7  219 245 283 288 372 426 429
 211 (0.236038,0.047149)   8  21 26 115 131 400 463 471 474
 212 (0.140041,0.270377)  11  4 44 64 97 184 220 225 232 274 408 441
 213 (0.031052,0.767873)   1  379
 214 (0.759906,0.545830)   6  114 154 243 268 275 475
 215 (0.286694,0.282704)   7  7 56 128 150 170 203 270
 216 (0.747649,0.277267)   3  385 415 439
 217 (0.435609,0.078087)   3  40 47 197
 218 (0.118991,0.692138)   3  27 77 192
 219 (0.926744,0.671647)   6  210 245 283 371 372 426
 220 (0.125236,0.259032)   8  64 184 212 225 232 274 408 441
 221 (0.962515,0.957796)   2  457 482
 222 (0.439520,0.885142)   3  172 389 435
 223 (0.804863,0.249208)   2  83 361
 224 (0.240500,0.187169)   9  53 157 196 261 324 334 367 419 440
 225 (0.162409,0.240472)   7  64 97 212 220 274 419 441
 226 (0.327295,0.359491)   6  36 144 146 191 204 421
 227 (0.879307,0.089154)   7  90 100 161 316 377 447 481
 228 (0.912119,0.452531)   5  14 241 359 458 468
 229 (0.618523,0.841821)   4  17 315 330 363
 230 (0.046949,0.351639)   2  126 388
 231 (0.337674,0.423386)   9  5 36 93 95 146 191 204 304 450
 232 (0.091030,0.287449)   5  184 212 220 408 441
 233 (0.538808,0.500083)   5  1 28 162 360 460
 234 (0.663858,0.418325)   5  164 235 289 425 484
 235 (0.646940,0.418115)   6  164 234 289 425 452 484
 236 (0.589237,0.575977)   4  153 344 345 477
 237 (0.870856,0.265464)  12  83 137 145 156 244 251 254 361 402 448 490 491
 238 (0.259936,0.636186)   6  79 152 291 311 403 498
 239 (0.927616,0.208530)   5  25 62 111 156 356
 240 (0.688850,0.350966)   5  121 195 242 269 289
 241 (0.923636,0.466424)   4  14 228 359 458
 242 (0.708613,0.352708)   6  19 121 195 240 269 289
 243 (0.769291,0.570576)   7  101 114 154 174 214 443 475
 244 (0.884539,0.297850)  10  137 145 237 251 254 361 402 448 490 491
 245 (0.928685,0.640147)   8  178 210 219 283 288 371 372 426
 246 (0.836040,0.144475)   7  6 8 302 373 465 469 496
 247 (0.934036,0.856301)   4  86 127 179 355
 248 (0.848678,0.524890)   5  114 194 275 468 494
 249 (0.495441,0.857672)   8  65 136 172 208 293 343 389 435
 250 (0.322726,0.557291)   5  176 263 383 445 492
 251 (0.877598,0.264732)  12  83 137 145 156 237 244 254 361 402 448 490 491
 252 (0.428248,0.207265)   8  18 22 103 305 307 404 497 499
 253 (0.855141,0.806283)   3  341 391 487
 254 (0.904879,0.264288)  12  62 137 145 156 237 244 251 361 402 448 490 491
 255 (0.351740,0.789178)   5  78 323 336 387 405
 256 (0.662584,0.753557)   3  9 363 462
 257 (0.789178,0.847181)   4  3 165 168 209
 258 (0.646850,0.985310)   4  123 338 398 493
 259 (0.310848,0.666776)   4  353 412 489 498
 260 (0.111913,0.075098)   4  43 267 351 456
 261 (0.192574,0.165990)   3  224 362 440
 262 (0.473058,0.016792)   2  271 295
 263 (0.339386,0.544314)   4  169 250 445 492
 264 (0.955167,0.135642)   5  25 90 118 356 369
 265 (0.770350,0.128564)   4  6 173 302 496
 266 (0.391495,0.602017)   2  313 412
 267 (0.120952,0.081198)   4  43 260 351 456
 268 (0.795340,0.503408)   7  32 114 214 275 277 437 494
 269 (0.677114,0.313526)   6  72 98 121 240 242 386
 270 (0.247187,0.268398)   8  56 128 203 215 279 324 367 419
 271 (0.520200,0.016500)   2  262 295
 272 (0.857840,0.202354)   9  8 83 89 111 346 361 373 465 469
 273 (0.404040,0.290550)   5  18 39 189 376 499
 274 (0.145064,0.249335)   8  64 97 184 212 220 225 408 441
 275 (0.804371,0.524992)   6  114 154 214 248 268 494
 276 (0.371748,0.940404)   1  171
 277 (0.752743,0.481485)   6  11 32 268 437 478 494
 278 (0.838518,0.618935)   6  33 101 174 281 371 443
 279 (0.208802,0.272943)   5  4 97 203 270 419
 280 (0.497986,0.696358)   7  133 181 205 317 370 392 459
 281 (0.821290,0.612842)   6  33 101 154 174 278 443
 282 (0.563493,0.643050)   4  51 134 459 477
 283 (0.945693,0.625661)   9  178 210 219 245 288 372 426 429 483
 284 (0.137834,0.935241)   3  107 286 413
 285 (0.583454,0.698436)   4  37 134 205 431
 286 (0.107146,0.976352)   2  107 284
 287 (0.554176,0.792256)   7  69 88 315 328 343 368 431
 288 (0.971379,0.605132)   5  210 245 283 470 483
 289 (0.672709,0.375466)   7  94 195 234 235 240 242 484
 290 (0.405098,0.534872)   3  102 125 169
 291 (0.248182,0.618402)   6  79 152 238 311 403 434
 292 (0.001127,0.542932)   0 
 293 (0.470114,0.831635)   6  65 199 249 389 435 464
 294 (0.316838,0.108273)   9  13 20 21 38 358 365 396 473 474
 295 (0.519283,0.024290)   3  110 262 271
 296 (0.623891,0.288217)   5  72 98 190 301 386
 297 (0.713405,0.191992)   4  158 374 380 428
 298 (0.399756,0.028989)   5  40 47 143 186 206
 299 (0.823090,0.961586)   3  73 142 187
 300 (0.810395,0.400883)   4  46 135 314 318
 301 (0.571920,0.293203)   5  84 108 296 347 348
 302 (0.793222,0.127233)   6  6 8 173 246 265 496
 303 (0.509156,0.091203)   3  197 326 476
 304 (0.317493,0.417113)   9  5 36 146 175 191 204 231 421 450
 305 (0.415450,0.222561)   7  18 22 103 252 307 497 499
 306 (0.283196,0.717249)   4  352 387 489 498
 307 (0.446101,0.238540)   7  18 22 71 252 305 416 499
 308 (0.184147,0.093591)   3  120 362 400
 309 (0.118132,0.018022)   2  81 351
 310 (0.531743,0.977368)   5  49 82 159 163 201
 311 (0.220823,0.627288)   6  79 152 238 291 403 434
 312 (0.109225,0.849236)   3  74 329 455
 313 (0.394481,0.636273)   4  106 129 266 412
 314 (0.849849,0.392421)   4  46 135 300 318
 315 (0.566485,0.840582)   5  88 229 287 328 343
 316 (0.874813,0.033996)   8  10 34 117 161 227 447 449 481
 317 (0.486012,0.684618)   9  133 148 177 181 205 280 370 392 459
 318 (0.858604,0.406555)   4  46 135 300 314
 319 (0.011364,0.706835)   0 
 320 (0.311906,0.967829)   3  50 99 188
 321 (0.255792,0.405845)   4  175 366 420 467
 322 (0.343108,0.161755)   3  96 358 473
 323 (0.360250,0.822277)   5  78 124 255 336 427
 324 (0.246427,0.217921)  11  53 56 128 157 196 224 270 334 367 419 440
 325 (0.195751,0.846262)   1  430
 326 (0.506895,0.105031)   4  139 197 303 476
 327 (0.624476,0.207115)   3  68 167 190
 328 (0.553097,0.818801)   5  69 88 287 315 343
 329 (0.072860,0.880268)   6  74 87 104 312 436 455
 330 (0.612960,0.896205)   2  229 398
 331 (0.980556,0.433111)   3  61 185 382
 332 (0.702545,0.859388)   8  24 63 165 198 417 432 479 480
 333 (0.114126,0.176307)   2  149 364
 334 (0.279373,0.209440)   9  53 56 128 150 157 196 224 324 367
 335 (0.964419,0.738603)   3  60 183 395
 336 (0.383422,0.832470)   5  78 124 255 323 427
 337 (0.028241,0.037280)   3  351 406 453
 338 (0.618871,0.996382)   4  82 123 201 258
 339 (0.728675,0.008797)   1  423
 340 (0.470390,0.321416)   2  193 438
 341 (0.855770,0.842801)   3  168 253 487
 342 (0.185104,0.749763)   3  59 350 409
 343 (0.530856,0.820189)   6  69 88 249 287 315 328
 344 (0.581404,0.568526)   6  28 153 236 345 460 477
 345 (0.582232,0.559097)   6  28 153 236 344 460 477
 346 (0.857469,0.200275)   9  8 83 89 111 272 361 373 465 469
 347 (0.564908,0.310907)   4  108 193 301 348
 348 (0.567894,0.327859)   5  108 180 193 301 347
 349 (0.521690,0.420678)   5  23 116 397 411 442
 350 (0.153708,0.752998)   3  59 342 409
 351 (0.077622,0.052546)   6  260 267 309 337 406 456
 352 (0.240868,0.735112)   4  59 306 454 489
 353 (0.321524,0.659854)   4  176 259 383 412
 354 (0.611643,0.098337)   1  390
 355 (0.935387,0.886432)   5  86 127 179 247 457
 356 (0.970761,0.179536)   3  25 239 264
 357 (0.426196,0.457077)   2  92 95
 358 (0.307110,0.124469)   9  13 21 38 294 322 365 396 473 474
 359 (0.932534,0.503818)   6  14 185 228 241 461 495
 360 (0.509623,0.547978)   7  1 28 162 233 393 460 500
 361 (0.859582,0.254057)  16  83 89 137 145 156 223 237 244 251 254 272 346 402 448 490 491
 362 (0.163672,0.121266)   4  120 261 308 364
 363 (0.646315,0.794968)   4  9 17 229 256
 364 (0.140489,0.134433)   4  43 333 362 456
 365 (0.300802,0.072511)  10  13 20 21 38 115 131 294 358 396 474
 366 (0.252045,0.447600)   3  175 321 467
 367 (0.258902,0.233336)  12  53 56 128 150 157 196 224 270 324 334 419 440
 368 (0.576328,0.761669)   4  37 69 287 431
 369 (0.995578,0.118484)   2  118 264
 370 (0.487393,0.740000)   6  119 181 200 205 280 317
 371 (0.882934,0.641893)   6  55 219 245 278 372 426
 372 (0.913452,0.627883)   7  178 210 219 245 283 371 426
 373 (0.874433,0.183736)   8  25 89 111 246 272 346 465 469
 374 (0.714404,0.165498)   3  297 380 428
 375 (0.075482,0.133335)   3  43 394 456
 376 (0.417072,0.290732)   5  18 39 189 273 499
 377 (0.927166,0.071060)   5  90 100 161 227 447
 378 (0.251819,0.904466)   2  54 430
 379 (0.030732,0.810101)   2  104 213
 380 (0.712953,0.165271)   3  297 374 428
 381 (0.532348,0.905164)   4  35 65 136 208
 382 (0.993837,0.427357)   3  61 185 331
 383 (0.330769,0.607831)   5  176 250 353 412 445
 384 (0.038500,0.410910)   2  52 388
 385 (0.718089,0.257935)   3  216 386 415
 386 (0.678891,0.290318)   7  72 98 121 269 296 385 415
 387 (0.315375,0.748820)   3  255 306 489
 388 (0.068036,0.391844)   3  52 230 384
 389 (0.455589,0.847723)   7  65 172 199 222 249 293 435
 390 (0.653985,0.061873)   2  12 354
 391 (0.819201,0.786358)   1  253
 392 (0.455554,0.692484)   7  106 129 133 148 181 280 317
 393 (0.472782,0.537290)   6  1 92 102 162 360 500
 394 (0.044293,0.134445)   2  43 375
 395 (0.982803,0.788158)   3  60 183 335
 396 (0.286110,0.112329)  10  20 21 26 38 131 294 358 365 471 474
 397 (0.526289,0.438392)   5  23 116 349 411 442
 398 (0.635881,0.940095)   5  85 123 258 330 493
 399 (0.174202,0.345490)   9  4 29 44 57 166 202 422 472 486
 400 (0.224750,0.091435)   8  21 26 120 131 211 308 471 474
 401 (0.632579,0.646984)   3  45 134 424
 402 (0.882780,0.269043)  12  83 137 145 156 237 244 251 254 361 448 490 491
 403 (0.225879,0.615382)   6  79 152 238 291 311 434
 404 (0.435142,0.168890)   4  22 96 103 252
 405 (0.381372,0.752168)   3  16 140 255
 406 (0.053774,0.071023)   3  337 351 456
 407 (0.108985,0.555573)   5  70 75 155 444 485
 408 (0.097659,0.278524)   6  184 212 220 232 274 441
 409 (0.162457,0.741564)   3  59 342 350
 410 (0.202557,0.980438)   2  141 207
 411 (0.547567,0.388337)   6  23 116 180 349 397 442
 412 (0.356946,0.637699)   6  176 259 266 313 353 383
 413 (0.149328,0.928939)   3  107 141 284
 414 (0.140505,0.410720)   6  29 52 166 422 472 486
 415 (0.708722,0.258313)   3  216 385 386
 416 (0.484513,0.238164)   5  22 71 307 433 438
 417 (0.689244,0.871179)   7  24 63 165 198 332 432 480
 418 (0.999877,0.687070)   2  60 429
 419 (0.218602,0.236811)   8  97 224 225 270 279 324 367 440
 420 (0.259515,0.356823)   6  7 170 175 203 321 467
 421 (0.324769,0.367930)   6  36 146 191 204 226 304
 422 (0.165751,0.400021)   7  29 57 166 399 414 472 486
 423 (0.767543,0.033491)   1  339
 424 (0.626243,0.650263)   3  45 134 401
 425 (0.638184,0.456787)   5  164 234 235 452 484
 426 (0.904670,0.626120)   7  178 210 219 245 283 371 372
 427 (0.337334,0.856786)   5  78 124 323 336 488
 428 (0.693598,0.164185)   3  297 374 380
 429 (0.982943,0.662103)   3  210 283 418
 430 (0.224716,0.859349)   3  66 325 378
 431 (0.564206,0.750486)   6  37 69 205 285 287 368
 432 (0.695594,0.850960)   8  24 63 165 198 332 417 479 480
 433 (0.509612,0.202390)   4  41 71 139 416
 434 (0.207272,0.600264)   6  2 79 130 291 311 403
 435 (0.477080,0.846946)   8  65 136 172 199 222 249 293 389
 436 (0.059176,0.900871)   4  74 87 329 455
 437 (0.764449,0.460023)   6  11 32 268 277 478 494
 438 (0.509049,0.283892)   3  193 340 416
 439 (0.760219,0.328655)   4  19 121 195 216
 440 (0.210509,0.204642)   7  97 196 224 261 324 367 419
 441 (0.134852,0.269832)  11  4 44 64 97 184 212 220 225 232 274 408
 442 (0.531045,0.417781)   5  23 116 349 397 411
 443 (0.804906,0.611932)   6  101 154 174 243 278 281
 444 (0.116777,0.590221)   7  15 75 112 130 155 407 485
 445 (0.318652,0.569355)   5  176 250 263 383 492
 446 (0.071956,0.625826)   4  27 77 112 138
 447 (0.874113,0.078871)   9  10 90 100 117 161 227 316 377 481
 448 (0.898010,0.282465)  12  62 137 145 156 237 244 251 254 361 402 490 491
 449 (0.830468,0.008966)   5  10 34 117 316 481
 450 (0.348703,0.429055)   9  5 36 93 95 146 191 204 231 304
 451 (0.700246,0.635375)   2  45 105
 452 (0.620898,0.465480)   4  164 235 425 484
 453 (0.019276,0.018898)   1  337
 454 (0.204730,0.692854)   3  59 152 352
 455 (0.091306,0.893389)   5  74 87 312 329 436
 456 (0.097769,0.102740)   7  43 260 267 351 364 375 406
 457 (0.975318,0.921774)   2  221 355
 458 (0.902354,0.446472)   5  14 194 228 241 468
 459 (0.531794,0.675564)   5  181 205 280 282 317
 460 (0.557149,0.523252)   8  1 28 153 162 233 344 345 360
 461 (0.911952,0.551070)   5  113 178 359 470 495
 462 (0.694463,0.761879)   3  9 256 479
 463 (0.216106,0.003258)   1  211
 464 (0.444459,0.792232)   4  119 199 200 293
 465 (0.864618,0.191424)   8  8 89 111 246 272 346 373 469
 466 (0.925033,0.346813)   1  182
 467 (0.238704,0.396413)   6  57 175 321 366 420 486
 468 (0.866989,0.482182)   6  14 46 194 228 248 458
 469 (0.870065,0.150657)   8  25 89 111 246 272 346 373 465
 470 (0.947483,0.561451)   5  178 288 461 483 495
 471 (0.244060,0.086171)   9  21 26 38 120 131 211 396 400 474
 472 (0.153915,0.391942)   8  29 57 166 202 399 414 422 486
 473 (0.353683,0.108678)   5  13 96 294 322 358
 474 (0.277595,0.078948)  13  20 21 26 38 115 131 211 294 358 365 396 400 471
 475 (0.738755,0.592388)   3  105 214 243
 476 (0.505091,0.144584)   3  139 303 326
 477 (0.561129,0.608820)   5  51 236 282 344 345
 478 (0.743045,0.452574)   4  11 32 277 437
 479 (0.706035,0.805190)   6  9 24 165 332 432 462
 480 (0.694991,0.896960)   7  24 63 85 198 332 417 432
 481 (0.844515,0.059719)   8  10 34 117 161 227 316 447 449
 482 (0.913868,0.972587)   2  80 221
 483 (0.975908,0.583270)   3  283 288 470
 484 (0.652107,0.418959)   6  164 234 235 289 425 452
 485 (0.117171,0.537037)   5  70 75 155 407 444
 486 (0.192090,0.395151)   8  29 57 166 399 414 422 467 472
 487 (0.871533,0.823206)   2  253 341
 488 (0.342227,0.887081)   3  124 171 427
 489 (0.292111,0.716048)   5  259 306 352 387 498
 490 (0.882925,0.256094)  12  83 137 145 156 237 244 251 254 361 402 448 491
 491 (0.859668,0.268018)  11  83 137 145 237 244 251 254 361 402 448 490
 492 (0.299318,0.535032)   3  250 263 445
 493 (0.675053,0.976839)   5  85 123 160 258 398
 494 (0.805055,0.491408)   7  32 114 248 268 275 277 437
 495 (0.930183,0.546586)   5  113 178 359 461 470
 496 (0.800045,0.147282)   5  6 8 246 265 302
 497 (0.378489,0.222294)   4  18 252 305 499
 498 (0.262634,0.682971)   5  152 238 259 306 489
 499 (0.403376,0.238157)   8  18 22 252 273 305 307 376 497
 500 (0.490312,0.561952)   5  1 28 102 360 393
