   1 (0.984907,0.344156)  10  69 141 156 160 207 226 358 452 474 495
   2 (0.071221,0.777694)  13  63 119 147 219 248 306 335 371 412 423 433 445 465
   3 (0.029400,0.407475)   7  51 218 235 283 391 432 462
   4 (0.215704,0.755224)  12  14 17 142 231 236 270 365 368 370 418 425 443
   5 (0.436326,0.692365)   9  20 67 116 212 263 374 392 437 485
   6 (0.630912,0.073677)  14  36 136 155 201 242 257 269 386 403 417 422 460 464 497
   7 (0.751471,0.688865)   9  68 115 174 250 258 311 329 347 351
   8 (0.225729,0.445660)   7  52 87 124 285 366 478 490
   9 (0.509694,0.736378)  10  62 116 137 212 225 372 374 380 383 488
  10 (0.033021,0.296950)   4  283 458 471 496
  11 (0.223354,0.539093)   3  220 293 457
  12 (0.143853,0.248724)   7  77 107 138 284 336 415 458
  13 (0.052174,0.659680)  12  22 25 48 63 96 169 348 371 397 398 423 465
  14 (0.231458,0.774765)  15  4 17 76 135 142 236 270 365 370 378 393 414 418 425 443
  15 (0.322402,0.803645)  16  75 133 135 193 236 318 327 339 370 378 393 404 414 443 472 476
  16 (0.348544,0.457188)  11  35 124 189 209 280 282 291 296 324 332 478
  17 (0.220425,0.832095)  15  4 14 60 75 76 85 135 142 236 305 339 378 414 418 481
  18 (0.540023,0.381565)   9  40 92 110 210 247 298 362 440 475
  19 (0.754138,0.443778)   6  58 205 259 395 406 492
  20 (0.371188,0.683876)   4  5 263 287 485
  21 (0.630290,0.806312)   8  33 43 197 268 357 431 461 493
  22 (0.103458,0.602647)  10  13 48 79 81 169 238 295 323 397 411
  23 (0.458641,0.952691)  11  41 59 88 98 127 130 239 313 314 331 410
  24 (0.609957,0.452002)   5  117 205 298 344 407
  25 (0.059834,0.679065)  13  13 63 96 169 219 348 371 397 398 412 419 423 465
  26 (0.784786,0.149980)   9  143 165 211 266 278 309 353 441 449
  27 (0.833568,0.813972)   9  57 106 132 267 319 343 356 479 483
  28 (0.122844,0.155975)   6  138 158 262 265 375 387
  29 (0.833856,0.463857)  10  109 145 148 186 252 312 349 406 426 454
  30 (0.620284,0.226302)   5  113 183 214 369 399
  31 (0.758622,0.292497)   4  70 89 420 487
  32 (0.416548,0.230241)  10  37 54 104 129 195 202 228 292 338 416
  33 (0.678304,0.818456)   9  21 112 157 341 357 385 461 493 494
  34 (0.971563,0.201335)   5  38 95 122 402 474
  35 (0.380221,0.511872)  11  16 73 171 189 194 209 234 280 282 324 379
  36 (0.632428,0.094406)  14  6 155 201 242 257 269 320 369 386 403 417 460 464 497
  37 (0.357310,0.214078)  13  32 54 80 101 104 195 202 224 228 277 292 416 498
  38 (0.975729,0.252712)   6  34 69 122 156 402 474
  39 (0.320708,0.115931)  14  71 80 151 224 243 264 292 310 315 342 388 430 447 498
  40 (0.506575,0.392277)  10  18 110 161 210 247 298 333 440 463 475
  41 (0.482953,0.999012)   8  23 88 98 130 239 313 314 331
  42 (0.934387,0.478137)   5  105 139 196 297 312
  43 (0.593612,0.863174)  12  21 120 157 197 268 286 357 421 431 434 453 461
  44 (0.510883,0.566815)   6  56 117 123 227 364 428
  45 (0.572543,0.950922)   8  120 239 286 288 331 421 434 453
  46 (0.077252,0.486612)   9  51 74 81 126 260 274 355 432 462
  47 (0.819527,0.893251)  12  223 237 244 251 267 319 354 413 448 455 469 479
  48 (0.066853,0.583826)  10  13 22 81 169 238 260 295 355 400 411
  49 (0.878889,0.302480)   9  146 156 185 200 358 367 384 427 477
  50 (0.892263,0.001240)   5  217 271 273 442 451
  51 (0.061964,0.472501)   9  3 46 74 126 235 260 355 432 462
  52 (0.165654,0.403146)  10  8 82 87 162 241 285 359 363 366 490
  53 (0.568055,0.634507)  14  62 114 137 175 177 181 225 227 232 253 301 316 376 480
  54 (0.423422,0.242906)  11  32 37 104 129 195 202 228 279 338 350 416
  55 (0.889757,0.387582)  14  141 145 160 200 207 349 358 367 426 427 452 454 477 495
  56 (0.527758,0.490275)   6  44 117 123 344 364 407
  57 (0.826732,0.768646)   8  27 68 132 329 343 405 479 483
  58 (0.690061,0.420021)   5  19 205 281 429 492
  59 (0.491515,0.888696)   7  23 127 130 239 421 434 453
  60 (0.241147,0.855715)  15  17 75 76 85 135 142 222 236 305 318 339 378 414 418 481
  61 (0.823166,0.059569)   9  187 217 245 266 273 278 390 442 451
  62 (0.523203,0.664570)  13  9 53 67 114 116 137 225 253 301 374 376 392 437
  63 (0.098621,0.712923)  14  2 13 25 221 231 368 371 397 398 412 419 423 433 465
  64 (0.447151,0.050961)   6  71 154 164 173 255 289
  65 (0.154845,0.925353)  13  78 108 118 134 144 168 176 179 180 246 436 444 489
  66 (0.481570,0.137212)   6  154 163 164 255 345 360
  67 (0.470981,0.646360)   8  5 62 116 263 374 392 437 485
  68 (0.814048,0.722717)   8  7 57 132 233 311 329 351 405
  69 (0.992927,0.294147)   6  1 38 156 358 402 474
  70 (0.705929,0.337251)   8  31 83 89 281 420 429 487 492
  71 (0.387287,0.091548)  10  39 64 80 151 173 255 264 345 388 447
  72 (0.007071,0.153080)   1  153
  73 (0.388212,0.542132)   6  35 171 234 280 324 428
  74 (0.016901,0.488641)   9  46 51 81 126 235 260 355 400 432
  75 (0.290292,0.859193)  15  15 17 60 85 135 222 236 318 339 378 404 414 443 476 481
  76 (0.188492,0.830949)  13  14 17 60 78 85 135 142 305 306 335 365 418 481
  77 (0.211358,0.283220)  11  12 94 102 103 107 152 261 304 336 415 484
  78 (0.153340,0.894421)  13  65 76 85 108 134 144 168 176 180 246 305 444 489
  79 (0.168201,0.598645)   5  22 238 293 323 486
  80 (0.374768,0.160411)  12  37 39 71 104 195 202 224 264 292 345 416 498
  81 (0.047501,0.556413)  10  22 46 48 74 126 260 295 355 400 411
  82 (0.140776,0.391669)  13  52 162 218 241 285 328 359 363 366 391 415 462 490
  83 (0.649052,0.337794)   6  70 92 281 298 362 429
  84 (0.415606,0.329268)  13  91 129 161 170 210 247 277 299 321 350 440 446 463
  85 (0.222619,0.860409)  19  17 60 75 76 78 135 142 144 168 176 222 236 305 318 339 378 414 418 481
  86 (0.621013,0.568946)  14  114 117 123 175 177 181 198 199 213 227 232 249 307 480
  87 (0.223689,0.390819)  10  8 52 152 241 261 285 359 366 438 490
  88 (0.459054,0.995782)   8  23 41 98 130 239 313 314 331
  89 (0.729357,0.271190)   6  31 70 190 309 420 487
  90 (0.947232,0.599830)   9  93 128 166 216 303 396 456 468 482
  91 (0.387451,0.378409)   8  84 161 210 291 299 440 446 463
  92 (0.608984,0.362838)   6  18 83 281 298 362 475
  93 (0.929098,0.610069)   9  90 128 166 216 303 396 456 468 482
  94 (0.238818,0.229997)  12  77 101 102 103 107 184 243 304 310 373 459 484
  95 (0.931784,0.152787)   3  34 125 322
  96 (0.000889,0.697872)  10  13 25 169 219 248 348 371 412 445 465
  97 (0.225779,0.661141)   6  178 230 293 323 425 450
  98 (0.423977,0.948120)  10  23 41 88 127 130 159 239 313 401 410
  99 (0.297702,0.613229)   5  171 178 293 450 457
 100 (0.039550,0.032961)   4  317 439 473 500
 101 (0.310958,0.226800)  13  37 94 103 104 204 224 243 277 292 373 467 484 498
 102 (0.223299,0.278368)  11  77 94 103 107 152 261 304 336 373 415 484
 103 (0.262958,0.242742)  12  77 94 101 102 184 204 224 304 373 459 467 484
 104 (0.379588,0.224187)  14  32 37 54 80 101 129 195 202 224 228 277 292 416 498
 105 (0.976240,0.488737)   4  42 139 196 297
 106 (0.903883,0.803565)   8  27 276 340 356 408 466 479 483
 107 (0.172308,0.273942)  11  12 77 94 102 261 284 304 336 363 415 484
 108 (0.101966,0.943432)  12  65 78 134 168 176 246 290 330 436 444 470 489
 109 (0.836526,0.483266)   9  29 148 186 196 252 312 349 406 426
 110 (0.500742,0.325265)  11  18 40 161 170 210 247 279 299 350 440 475
 111 (0.221800,0.099484)  14  149 150 158 167 188 262 308 310 315 342 375 394 424 430
 112 (0.726007,0.880330)   8  33 157 223 385 413 448 455 494
 113 (0.549452,0.198040)   4  30 338 360 369
 114 (0.588220,0.629890)  17  53 62 86 137 175 177 181 225 227 232 249 253 301 307 316 376 480
 115 (0.683895,0.721759)  10  7 174 240 250 258 275 326 341 347 493
 116 (0.471982,0.690186)  10  5 9 62 67 263 372 374 392 437 485
 117 (0.573322,0.520421)   8  24 44 56 86 123 227 344 407
 118 (0.205025,0.972724)  10  65 144 168 176 179 180 334 352 436 489
 119 (0.015451,0.795123)   6  2 219 248 371 412 445
 120 (0.619905,0.931032)  12  43 45 140 157 192 286 288 357 385 434 453 499
 121 (0.853054,0.564903)   5  148 252 396 468 482
 122 (0.993163,0.208125)   4  34 38 402 474
 123 (0.560922,0.536949)   9  44 56 86 117 175 227 232 344 407
 124 (0.286662,0.465145)  10  8 16 194 209 220 280 282 296 332 478
 125 (0.898312,0.134244)   8  95 211 217 245 273 322 441 451
 126 (0.057370,0.491687)  10  46 51 74 81 235 260 355 400 432 462
 127 (0.437869,0.913763)   7  23 59 98 130 239 313 410
 128 (0.929367,0.677275)  12  90 93 166 208 216 229 233 276 302 303 389 456
 129 (0.422719,0.290923)  14  32 54 84 104 170 195 228 247 277 279 299 321 350 416
 130 (0.478665,0.922530)  11  23 41 59 88 98 127 239 331 410 421 434
 131 (0.885400,0.983641)   4  203 300 354 435
 132 (0.827872,0.765327)   8  27 57 68 329 343 405 479 483
 133 (0.387674,0.783712)   7  15 193 212 327 377 383 472
 134 (0.117885,0.885242)  10  65 78 108 144 168 176 246 305 444 489
 135 (0.257014,0.825543)  20  14 15 17 60 75 76 85 142 236 305 318 339 370 378 393 414 418 443 472 481
 136 (0.697474,0.047252)   8  6 242 257 346 382 422 464 497
 137 (0.562517,0.679733)  14  9 53 62 114 177 181 225 253 301 316 374 376 381 488
 138 (0.116466,0.176140)   7  12 28 158 265 284 387 458
 139 (0.969782,0.447917)   8  42 105 160 196 226 297 452 495
 140 (0.663374,0.944338)   8  120 157 172 192 286 288 385 499
 141 (0.941467,0.357456)  10  1 55 156 160 200 207 226 358 452 495
 142 (0.231629,0.781259)  17  4 14 17 60 76 85 135 236 270 365 370 378 393 414 418 425 443
 143 (0.829580,0.198481)   9  26 185 211 322 325 353 384 441 449
 144 (0.182998,0.929103)  16  65 78 85 118 134 168 176 179 180 246 305 334 352 444 481 489
 145 (0.828511,0.392097)  12  29 55 186 200 349 367 395 406 426 427 454 477
 146 (0.878214,0.299464)  10  49 156 185 200 325 358 367 384 427 477
 147 (0.105243,0.798292)   5  2 306 335 365 433
 148 (0.840014,0.541587)   8  29 109 121 252 312 396 468 482
 149 (0.243802,0.046710)   8  111 167 188 308 315 394 424 430
 150 (0.155748,0.071643)  10  111 158 167 188 262 265 308 375 387 500
 151 (0.322846,0.073382)   9  39 71 173 315 342 388 430 447 491
 152 (0.245191,0.338746)  10  77 87 102 204 261 285 304 336 438 467
 153 (0.000746,0.151357)   1  72
 154 (0.465479,0.123405)   8  64 66 163 164 255 264 345 360
 155 (0.638210,0.105989)  14  6 36 201 242 257 269 320 369 386 403 417 460 464 497
 156 (0.949649,0.305494)  11  1 38 49 69 141 146 207 358 402 452 474
 157 (0.664992,0.882012)  13  33 43 112 120 140 192 268 286 288 357 385 494 499
 158 (0.152699,0.105397)  12  28 111 138 150 167 188 262 265 308 375 387 500
 159 (0.377137,0.987838)   5  98 313 337 361 401
 160 (0.955394,0.397890)   9  1 55 139 141 207 226 358 452 495
 161 (0.444143,0.377884)  15  40 84 91 110 170 189 210 247 291 299 333 350 440 446 463
 162 (0.139195,0.420873)   9  52 82 218 241 359 366 391 462 490
 163 (0.521295,0.082353)   6  66 154 164 201 255 386
 164 (0.483873,0.088844)   6  64 66 154 163 201 255
 165 (0.726367,0.186287)   6  26 190 309 320 353 449
 166 (0.964365,0.636572)   8  90 93 128 208 216 229 303 456
 167 (0.194241,0.103505)  11  111 149 150 158 188 262 265 308 375 394 430
 168 (0.174125,0.919759)  17  65 78 85 108 118 134 144 176 179 180 246 305 334 352 444 481 489
 169 (0.034463,0.638383)   7  13 22 25 48 96 348 411
 170 (0.481388,0.313320)  11  84 110 129 161 210 247 279 299 338 350 440
 171 (0.340632,0.555758)   9  35 73 99 194 209 220 234 280 457
 172 (0.720736,0.965261)   7  140 192 206 237 288 413 499
 173 (0.402164,0.066999)   8  64 71 151 255 264 289 388 447
 174 (0.742045,0.685101)   9  7 115 250 258 311 326 341 347 351
 175 (0.601834,0.596405)  14  53 86 114 123 177 181 198 227 232 249 253 301 307 480
 176 (0.170504,0.916170)  15  65 78 85 108 118 134 144 168 179 180 246 305 444 481 489
 177 (0.604859,0.636296)  19  53 86 114 137 175 181 198 225 227 232 249 253 301 307 316 326 376 381 480
 178 (0.234789,0.651892)   5  97 99 230 293 450
 179 (0.229491,0.945492)  10  65 118 144 168 176 180 222 334 352 481
 180 (0.192054,0.955525)  11  65 78 118 144 168 176 179 334 352 436 489
 181 (0.617154,0.631655)  17  53 86 114 137 175 177 198 225 232 249 253 301 307 316 326 376 480
 182 (0.012491,0.934099)   3  254 290 330
 183 (0.640626,0.218987)   6  30 190 214 369 399 417
 184 (0.228060,0.182995)   8  94 103 243 310 373 375 459 484
 185 (0.850269,0.245485)  10  49 143 146 211 322 325 353 367 384 441
 186 (0.855284,0.462849)  10  29 109 145 196 252 312 349 406 426 454
 187 (0.834887,0.079760)   9  61 217 245 266 273 278 390 442 451
 188 (0.190977,0.047338)  11  111 149 150 158 167 262 308 375 394 424 430
 189 (0.418374,0.452041)   9  16 35 161 291 324 333 379 446 463
 190 (0.711415,0.203468)   9  89 165 183 214 309 320 420 449 487
 191 (0.981437,0.058999)   2  256 271
 192 (0.671028,0.939475)   9  120 140 157 172 286 288 385 494 499
 193 (0.386463,0.831706)   5  15 133 377 404 476
 194 (0.304484,0.526312)  10  35 124 171 209 220 280 282 296 457 478
 195 (0.402324,0.221350)  12  32 37 54 80 104 129 202 228 292 345 416 498
 196 (0.911466,0.495461)  10  42 105 109 139 186 297 312 426 468 482
 197 (0.573650,0.820698)   7  21 43 268 357 380 431 461
 198 (0.673391,0.622881)  12  86 175 177 181 199 215 249 250 272 307 326 480
 199 (0.698929,0.555086)   7  86 198 213 215 259 272 307
 200 (0.879698,0.344419)  13  49 55 141 145 146 207 349 358 367 427 454 477 495
 201 (0.562356,0.085391)  10  6 36 155 163 164 269 386 403 460 497
 202 (0.386792,0.184182)  13  32 37 54 80 104 195 224 228 264 292 345 416 498
 203 (0.870730,0.964681)   9  131 237 244 251 294 300 354 435 469
 204 (0.306741,0.298257)   8  101 103 152 277 321 373 467 484
 205 (0.679643,0.444380)   6  19 24 58 259 281 492
 206 (0.785379,0.980132)   8  172 237 244 251 294 354 413 469
 207 (0.921138,0.378572)  10  1 55 141 156 160 200 226 358 452 495
 208 (0.999466,0.665076)   5  128 166 229 302 456
 209 (0.324550,0.483494)  12  16 35 124 171 194 220 280 282 296 324 332 478
 210 (0.463964,0.386258)  15  18 40 84 91 110 161 170 247 291 299 333 350 440 446 463
 211 (0.849258,0.195281)  10  26 125 143 185 322 325 353 384 441 449
 212 (0.448175,0.770705)   8  5 9 133 372 377 380 383 485
 213 (0.684515,0.528902)   4  86 199 259 272
 214 (0.639661,0.233553)   4  30 183 190 399
 215 (0.750837,0.605654)   5  198 199 272 311 351
 216 (0.907474,0.639127)  11  90 93 128 166 229 233 303 389 396 456 482
 217 (0.898630,0.075387)   8  50 61 125 187 245 271 273 451
 218 (0.089148,0.371437)  10  3 82 162 241 283 328 359 363 391 462
 219 (0.025385,0.747888)  10  2 25 96 119 248 371 398 412 445 465
 220 (0.270668,0.537322)   8  11 124 171 194 209 280 450 457
 221 (0.142142,0.709900)  11  63 231 270 323 365 368 397 398 419 423 465
 222 (0.276790,0.910329)  11  60 75 85 179 318 337 339 361 378 404 481
 223 (0.770876,0.892979)  11  47 112 237 244 251 267 413 448 455 469 494
 224 (0.315554,0.184264)  13  37 39 80 101 103 104 202 243 292 310 342 373 498
 225 (0.549455,0.669506)  14  9 53 62 114 137 177 181 253 301 316 374 376 381 437
 226 (0.968366,0.404701)   8  1 139 141 160 207 358 452 495
 227 (0.555701,0.574840)  11  44 53 86 114 117 123 175 177 232 301 480
 228 (0.417394,0.239034)   9  32 37 54 104 129 195 202 338 416
 229 (0.942024,0.697843)  10  128 166 208 216 233 276 302 303 389 466
 230 (0.284740,0.694184)   5  97 178 287 393 425
 231 (0.149362,0.712900)  12  4 63 221 270 323 365 368 397 398 419 423 425
 232 (0.590822,0.600294)  14  53 86 114 123 175 177 181 227 249 253 301 307 376 480
 233 (0.878448,0.698818)   9  68 128 216 229 276 303 329 389 405
 234 (0.382405,0.559188)   5  35 73 171 280 428
 235 (0.004995,0.434149)   6  3 51 74 126 432 462
 236 (0.273658,0.799799)  19  4 14 15 17 60 75 85 135 142 318 327 339 370 378 393 414 418 443 472
 237 (0.798221,0.947019)  13  47 172 203 206 223 244 251 294 354 413 448 455 469
 238 (0.131992,0.558398)   7  22 48 79 274 295 411 486
 239 (0.493983,0.947584)  14  23 41 45 59 88 98 127 130 313 314 331 421 434 453
 240 (0.659919,0.722814)  10  115 250 258 275 316 326 341 347 381 493
 241 (0.158692,0.372431)  15  52 82 87 162 218 261 285 328 336 359 363 366 391 415 490
 242 (0.646401,0.042324)  10  6 36 136 155 269 382 422 460 464 497
 243 (0.282002,0.163687)  11  39 94 101 184 224 292 310 342 373 459 498
 244 (0.806580,0.920059)  14  47 203 206 223 237 251 267 294 319 354 413 448 455 469
 245 (0.842124,0.080223)  10  61 125 187 217 266 273 278 390 442 451
 246 (0.110706,0.938572)  13  65 78 108 134 144 168 176 290 330 436 444 470 489
 247 (0.478456,0.336107)  14  18 40 84 110 129 161 170 210 279 299 350 440 463 475
 248 (0.027807,0.770625)   9  2 96 119 219 371 412 433 445 465
 249 (0.661386,0.637148)  13  86 114 175 177 181 198 232 250 253 258 307 326 480
 250 (0.708539,0.674208)  12  7 115 174 198 240 249 258 275 326 341 347 351
 251 (0.812949,0.943387)  12  47 203 206 223 237 244 294 354 413 448 455 469
 252 (0.800835,0.515119)   8  29 109 121 148 186 259 312 426
 253 (0.594266,0.655073)  17  53 62 114 137 175 177 181 225 232 249 301 307 316 326 376 381 480
 254 (0.023610,0.911541)   2  182 330
 255 (0.453691,0.072723)   8  64 66 71 154 163 164 173 289
 256 (0.991180,0.051417)   2  191 271
 257 (0.682166,0.115077)   8  6 36 136 155 320 417 464 497
 258 (0.709871,0.699719)  12  7 115 174 240 249 250 275 326 341 347 351 493
 259 (0.725625,0.495115)   6  19 199 205 213 252 272
 260 (0.058464,0.510706)  12  46 48 51 74 81 126 295 355 400 411 432 462
 261 (0.214838,0.319891)  11  77 87 102 107 152 241 285 304 336 415 484
 262 (0.150188,0.082074)  11  28 111 150 158 167 188 265 308 375 387 500
 263 (0.422247,0.668528)   8  5 20 67 116 374 392 437 485
 264 (0.392614,0.141368)  11  39 71 80 154 173 202 292 345 388 416 498
 265 (0.133491,0.104412)  10  28 138 150 158 167 262 308 375 387 500
 266 (0.783605,0.102485)   6  26 61 187 245 278 390
 267 (0.841087,0.859116)  11  27 47 223 244 319 343 356 448 455 469 479
 268 (0.599527,0.842069)   9  21 43 157 197 286 357 431 453 461
 269 (0.613191,0.055925)  11  6 36 155 201 242 386 403 422 460 464 497
 270 (0.179007,0.749715)  11  4 14 142 221 231 306 365 368 418 419 425
 271 (0.924144,0.035437)   6  50 191 217 256 273 451
 272 (0.724453,0.571621)   5  198 199 213 215 259
 273 (0.891083,0.057635)   9  50 61 125 187 217 245 271 390 451
 274 (0.139849,0.508058)   4  46 238 432 486
 275 (0.674106,0.732170)   9  115 240 250 258 316 326 341 347 493
 276 (0.916751,0.739376)  10  106 128 229 233 302 389 405 408 466 483
 277 (0.350127,0.287297)   9  37 84 101 104 129 204 321 416 467
 278 (0.788094,0.095758)   7  26 61 187 245 266 346 390
 279 (0.489091,0.274271)   7  54 110 129 170 247 338 350
 280 (0.322734,0.512547)  15  16 35 73 124 171 194 209 220 234 282 296 324 332 457 478
 281 (0.667379,0.380173)   8  58 70 83 92 205 362 429 492
 282 (0.331906,0.462583)  10  16 35 124 194 209 280 296 324 332 478
 283 (0.020605,0.341485)   4  3 10 218 391
 284 (0.112343,0.248657)   4  12 107 138 458
 285 (0.201960,0.370732)  13  8 52 82 87 152 241 261 336 359 363 366 415 490
 286 (0.628781,0.900437)  12  43 45 120 140 157 192 268 288 357 385 453 499
 287 (0.344414,0.691050)   3  20 230 327
 288 (0.645003,0.951515)   9  45 120 140 157 172 192 286 385 499
 289 (0.412985,0.011793)   3  64 173 255
 290 (0.071224,0.976909)   8  108 182 246 330 436 444 470 489
 291 (0.414099,0.433590)  10  16 91 161 189 210 324 333 379 446 463
 292 (0.353278,0.183567)  14  32 37 39 80 101 104 195 202 224 243 264 345 416 498
 293 (0.225565,0.616058)   7  11 79 97 99 178 323 450
 294 (0.804322,0.982059)   8  203 206 237 244 251 354 413 469
 295 (0.084004,0.569980)   8  22 48 81 238 260 400 411 486
 296 (0.307108,0.449326)   9  16 124 194 209 280 282 332 438 478
 297 (0.933574,0.496989)   6  42 105 139 196 312 468
 298 (0.581773,0.378332)   7  18 24 40 83 92 362 475
 299 (0.426234,0.347673)  12  84 91 110 129 161 170 210 247 350 440 446 463
 300 (0.930579,0.935050)   4  131 203 409 435
 301 (0.561899,0.651800)  16  53 62 114 137 175 177 181 225 227 232 253 316 374 376 381 480
 302 (0.963731,0.734901)   5  128 208 229 276 466
 303 (0.917109,0.645903)  11  90 93 128 166 216 229 233 389 396 456 482
 304 (0.221780,0.270839)  11  77 94 102 103 107 152 261 336 373 415 484
 305 (0.184227,0.850683)  13  17 60 76 78 85 134 135 144 168 176 306 418 481
 306 (0.142892,0.803552)   8  2 76 147 270 305 335 365 433
 307 (0.649171,0.610461)  12  86 114 175 177 181 198 199 232 249 253 326 480
 308 (0.198356,0.073471)  12  111 149 150 158 167 188 262 265 375 394 424 430
 309 (0.738603,0.211070)   8  26 89 165 190 353 420 449 487
 310 (0.262261,0.162086)   9  39 94 111 184 224 243 342 373 459
 311 (0.808373,0.655712)   7  7 68 174 215 329 351 405
 312 (0.856973,0.484041)  10  29 42 109 148 186 196 252 297 349 426
 313 (0.432925,0.992599)   8  23 41 88 98 127 159 239 314
 314 (0.506395,0.999866)   6  23 41 88 239 313 331
 315 (0.287593,0.082096)  10  39 111 149 151 342 388 394 430 447 491
 316 (0.603061,0.704751)  13  53 114 137 177 181 225 240 253 275 301 326 376 381
 317 (0.073337,0.026196)   4  100 439 473 500
 318 (0.293166,0.865322)  13  15 60 75 85 135 222 236 339 378 404 414 476 481
 319 (0.866837,0.881709)  10  27 47 244 267 340 356 435 448 469 479
 320 (0.681908,0.150139)   6  36 155 165 190 257 417
 321 (0.349363,0.299762)   5  84 129 204 277 467
 322 (0.874309,0.188303)   8  95 125 143 185 211 325 353 441
 323 (0.150005,0.636956)   8  22 79 97 221 231 293 397 419
 324 (0.381858,0.477370)  10  16 35 73 189 209 280 282 291 332 379
 325 (0.893054,0.223341)   7  143 146 185 211 322 384 441
 326 (0.663153,0.675024)  16  115 174 177 181 198 240 249 250 253 258 275 307 316 341 347 381
 327 (0.342692,0.759890)   9  15 133 236 287 370 377 393 443 472
 328 (0.105051,0.345061)   7  82 218 241 359 363 391 415
 329 (0.825163,0.692055)   9  7 57 68 132 233 311 351 389 405
 330 (0.059652,0.979360)   8  108 182 246 254 290 436 444 470
 331 (0.533364,0.975168)  10  23 41 45 88 130 239 314 421 434 453
 332 (0.329011,0.441510)   9  16 124 209 280 282 296 324 438 478
 333 (0.456729,0.426417)   9  40 161 189 210 291 379 440 446 463
 334 (0.198509,0.992163)   8  118 144 168 179 180 352 436 489
 335 (0.116533,0.799421)   6  2 76 147 306 365 433
 336 (0.186307,0.303560)  12  12 77 102 107 152 241 261 285 304 363 415 484
 337 (0.337224,0.941696)   5  159 222 361 401 410
 338 (0.491475,0.245959)   6  32 54 113 170 228 279
 339 (0.282920,0.870588)  13  15 17 60 75 85 135 222 236 318 378 404 414 481
 340 (0.916864,0.820486)   7  106 319 356 408 466 479 483
 341 (0.687469,0.739649)  10  33 115 174 240 250 258 275 326 347 493
 342 (0.297005,0.115373)  10  39 111 151 224 243 310 315 388 430 447
 343 (0.812650,0.804002)   6  27 57 132 267 479 483
 344 (0.539069,0.483312)   6  24 56 117 123 364 407
 345 (0.418933,0.149874)   9  66 71 80 154 195 202 264 292 416
 346 (0.745698,0.030545)   6  136 278 382 390 442 464
 347 (0.729271,0.701852)  11  7 115 174 240 250 258 275 326 341 351 493
 348 (0.020461,0.662562)   7  13 25 96 169 371 398 465
 349 (0.851031,0.416740)  12  29 55 109 145 186 200 312 406 426 427 454 477
 350 (0.441501,0.317466)  12  54 84 110 129 161 170 210 247 279 299 440 463
 351 (0.777935,0.663681)   9  7 68 174 215 250 258 311 329 347
 352 (0.220742,0.980570)   6  118 144 168 179 180 334
 353 (0.800777,0.196867)  10  26 143 165 185 211 309 322 384 441 449
 354 (0.813554,0.966440)  10  47 131 203 206 237 244 251 294 413 469
 355 (0.011115,0.530048)   9  46 48 51 74 81 126 260 400 411
 356 (0.898720,0.834015)   8  27 106 267 319 340 408 479 483
 357 (0.629003,0.862146)  10  21 33 43 120 157 197 268 286 385 461
 358 (0.946788,0.340220)  14  1 49 55 69 141 146 156 160 200 207 226 452 474 495
 359 (0.151481,0.406937)  13  52 82 87 162 218 241 285 328 363 366 391 462 490
 360 (0.525826,0.167530)   5  66 113 154 369 386
 361 (0.320791,0.952259)   4  159 222 337 401
 362 (0.603805,0.339380)   6  18 83 92 281 298 475
 363 (0.133971,0.331906)  11  52 82 107 218 241 285 328 336 359 391 415
 364 (0.482307,0.502525)   6  44 56 344 379 407 428
 365 (0.173396,0.762973)  15  4 14 76 142 147 221 231 270 306 335 368 418 419 425 433
 366 (0.194051,0.429095)   9  8 52 82 87 162 241 285 359 490
 367 (0.842745,0.324877)  10  49 55 145 146 185 200 384 427 454 477
 368 (0.169911,0.719878)  10  4 63 221 231 270 365 397 419 423 425
 369 (0.596626,0.163536)  10  30 36 113 155 183 360 386 399 403 417
 370 (0.277136,0.773716)  14  4 14 15 135 142 236 327 378 393 414 418 425 443 472
 371 (0.059258,0.730596)  16  2 13 25 63 96 119 219 248 348 398 412 419 423 433 445 465
 372 (0.495441,0.759443)   7  9 116 212 374 380 383 488
 373 (0.276240,0.232654)  14  94 101 102 103 184 204 224 243 304 310 459 467 484 498
 374 (0.493570,0.689493)  15  5 9 62 67 116 137 225 263 301 372 376 392 437 485 488
 375 (0.188538,0.118985)  12  28 111 150 158 167 184 188 262 265 308 430 459
 376 (0.557531,0.663481)  14  53 62 114 137 177 181 225 232 253 301 316 374 381 480
 377 (0.409370,0.785164)   5  133 193 212 327 383
 378 (0.282521,0.834667)  20  14 15 17 60 75 85 135 142 222 236 318 339 370 393 404 414 418 443 472 481
 379 (0.437196,0.468629)   8  35 189 291 324 333 364 446 463
 380 (0.515760,0.777962)   7  9 197 212 372 383 431 488
 381 (0.594109,0.713436)  10  137 177 225 240 253 301 316 326 376 488
 382 (0.701283,0.009330)   5  136 242 346 422 464
 383 (0.467455,0.782647)   7  9 133 212 372 377 380 488
 384 (0.832421,0.258814)   8  49 143 146 185 211 325 353 367
 385 (0.672810,0.876825)  11  33 112 120 140 157 192 286 288 357 494 499
 386 (0.567811,0.114942)  11  6 36 155 163 201 269 360 369 403 417 497
 387 (0.093480,0.110007)   9  28 138 150 158 262 265 439 473 500
 388 (0.345454,0.083571)   9  39 71 151 173 264 315 342 447 491
 389 (0.892904,0.687589)   8  128 216 229 233 276 303 329 405
 390 (0.823443,0.046737)   9  61 187 245 266 273 278 346 442 451
 391 (0.092900,0.360359)  10  3 82 162 218 241 283 328 359 363 415
 392 (0.470236,0.655864)   8  5 62 67 116 263 374 437 485
 393 (0.305551,0.765711)  12  14 15 135 142 230 236 327 370 378 414 443 472
 394 (0.237185,0.038047)   8  111 149 167 188 308 315 424 430
 395 (0.770807,0.399031)   8  19 145 406 427 429 454 477 492
 396 (0.875717,0.582639)   8  90 93 121 148 216 303 468 482
 397 (0.121618,0.663711)  12  13 22 25 63 221 231 323 368 398 419 423 465
 398 (0.086620,0.699160)  13  13 25 63 219 221 231 348 371 397 412 419 423 465
 399 (0.629376,0.214518)   5  30 183 214 369 417
 400 (0.024070,0.556857)   8  48 74 81 126 260 295 355 411
 401 (0.355024,0.934926)   6  98 159 337 361 410 476
 402 (0.980229,0.261255)   6  34 38 69 122 156 474
 403 (0.594904,0.125831)   9  6 36 155 201 269 369 386 417 497
 404 (0.333957,0.855946)  10  15 75 193 222 318 339 378 414 472 476
 405 (0.843894,0.716521)   9  57 68 132 233 276 311 329 389 483
 406 (0.789542,0.420577)  12  19 29 109 145 186 349 395 426 427 454 477 492
 407 (0.555107,0.473269)   6  24 56 117 123 344 364
 408 (0.931040,0.813612)   6  106 276 340 356 466 483
 409 (0.977434,0.910131)   2  300 435
 410 (0.408195,0.911269)   7  23 98 127 130 337 401 476
 411 (0.074867,0.572338)  10  22 48 81 169 238 260 295 355 400 486
 412 (0.035962,0.742153)  13  2 25 63 96 119 219 248 371 398 423 433 445 465
 413 (0.767215,0.918761)  14  47 112 172 206 223 237 244 251 294 354 448 455 469 494
 414 (0.288859,0.825504)  19  14 15 17 60 75 85 135 142 236 318 339 370 378 393 404 418 443 472 481
 415 (0.162730,0.322321)  13  12 77 82 102 107 241 261 285 304 328 336 363 391
 416 (0.392030,0.219899)  14  32 37 54 80 104 129 195 202 228 264 277 292 345 498
 417 (0.639116,0.140164)  11  6 36 155 183 257 320 369 386 399 403 497
 418 (0.232452,0.800225)  17  4 14 17 60 76 85 135 142 236 270 305 365 370 378 414 425 443
 419 (0.131167,0.713983)  14  25 63 221 231 270 323 365 368 371 397 398 423 433 465
 420 (0.712502,0.268415)   6  31 70 89 190 309 487
 421 (0.542378,0.898382)   8  43 45 59 130 239 331 434 453
 422 (0.632744,0.001361)   7  6 136 242 269 382 460 497
 423 (0.093918,0.705108)  14  2 13 25 63 221 231 368 371 397 398 412 419 433 465
 424 (0.220704,0.024773)   6  111 149 188 308 394 430
 425 (0.221260,0.733035)  11  4 14 97 142 230 231 270 365 368 370 418
 426 (0.845272,0.453156)  11  29 55 109 145 186 196 252 312 349 406 454
 427 (0.824998,0.352427)  11  49 55 145 146 200 349 367 395 406 454 477
 428 (0.447018,0.557774)   4  44 73 234 364
 429 (0.721571,0.367376)   6  58 70 83 281 395 492
 430 (0.250810,0.079761)  12  39 111 149 151 167 188 308 315 342 375 394 424
 431 (0.559135,0.815489)   7  21 43 197 268 380 461 488
 432 (0.072484,0.471514)   9  3 46 51 74 126 235 260 274 462
 433 (0.104534,0.780395)  12  2 63 147 248 306 335 365 371 412 419 423 465
 434 (0.548524,0.917756)   9  43 45 59 120 130 239 331 421 453
 435 (0.924670,0.929533)   5  131 203 300 319 409
 436 (0.132822,0.995541)  11  65 108 118 180 246 290 330 334 444 470 489
 437 (0.475529,0.646241)   9  5 62 67 116 225 263 374 392 485
 438 (0.296909,0.383632)   5  87 152 296 332 478
 439 (0.075303,0.034664)   5  100 317 387 473 500
 440 (0.461730,0.369393)  14  18 40 84 91 110 161 170 210 247 299 333 350 446 463
 441 (0.855146,0.179837)   9  26 125 143 185 211 322 325 353 449
 442 (0.815059,0.010254)   6  50 61 187 245 346 390
 443 (0.287148,0.779815)  14  4 14 15 75 135 142 236 327 370 378 393 414 418 472
 444 (0.109370,0.947881)  13  65 78 108 134 144 168 176 246 290 330 436 470 489
 445 (0.005795,0.762678)   8  2 96 119 219 248 371 412 465
 446 (0.426056,0.406279)  11  84 91 161 189 210 291 299 333 379 440 463
 447 (0.331513,0.081097)   8  39 71 151 173 315 342 388 491
 448 (0.797342,0.887786)  13  47 112 223 237 244 251 267 319 413 455 469 479 494
 449 (0.775672,0.186659)   8  26 143 165 190 211 309 353 441
 450 (0.260934,0.612401)   6  97 99 178 220 293 457
 451 (0.898039,0.062820)   9  50 61 125 187 217 245 271 273 390
 452 (0.966474,0.370304)  10  1 55 139 141 156 160 207 226 358 495
 453 (0.560282,0.903834)  10  43 45 59 120 239 268 286 331 421 434
 454 (0.825498,0.392530)  12  29 55 145 186 200 349 367 395 406 426 427 477
 455 (0.776583,0.891795)  11  47 112 223 237 244 251 267 413 448 469 494
 456 (0.984932,0.622840)   7  90 93 128 166 208 216 303
 457 (0.280315,0.552255)   7  11 99 171 194 220 280 450
 458 (0.078454,0.245866)   6  10 12 138 284 471 496
 459 (0.235240,0.178355)   8  94 103 184 243 310 373 375 484
 460 (0.615075,0.044928)   9  6 36 155 201 242 269 422 464 497
 461 (0.616170,0.795522)   8  21 33 43 197 268 357 431 493
 462 (0.082189,0.440573)  11  3 46 51 82 126 162 218 235 260 359 432
 463 (0.437458,0.392753)  14  40 84 91 161 189 210 247 291 299 333 350 379 440 446
 464 (0.687317,0.067120)  11  6 36 136 155 242 257 269 346 382 460 497
 465 (0.063413,0.717773)  17  2 13 25 63 96 219 221 248 348 371 397 398 412 419 423 433 445
 466 (0.945009,0.765770)   7  106 229 276 302 340 408 483
 467 (0.312986,0.298653)   7  101 103 152 204 277 321 373
 468 (0.896128,0.560084)   8  90 93 121 148 196 297 396 482
 469 (0.810698,0.929157)  14  47 203 206 223 237 244 251 267 294 319 354 413 448 455
 470 (0.094175,0.978317)   7  108 246 290 330 436 444 489
 471 (0.000657,0.248156)   3  10 458 496
 472 (0.321910,0.781491)  11  15 133 135 236 327 370 378 393 404 414 443
 473 (0.045437,0.064070)   5  100 317 387 439 500
 474 (0.965929,0.266919)   8  1 34 38 69 122 156 358 402
 475 (0.547262,0.358423)   7  18 40 92 110 247 298 362
 476 (0.362723,0.862057)   7  15 75 193 318 401 404 410
 477 (0.827002,0.357960)  11  49 55 145 146 200 349 367 395 406 427 454
 478 (0.287580,0.456897)  10  8 16 124 194 209 280 282 296 332 438
 479 (0.840374,0.827659)  12  27 47 57 106 132 267 319 340 343 356 448 483
 480 (0.606116,0.609490)  14  53 86 114 175 177 181 198 227 232 249 253 301 307 376
 481 (0.238389,0.885811)  16  17 60 75 76 85 135 144 168 176 179 222 305 318 339 378 414
 482 (0.891729,0.572045)   9  90 93 121 148 196 216 303 396 468
 483 (0.876408,0.785650)  12  27 57 106 132 276 340 343 356 405 408 466 479
 484 (0.244234,0.254452)  13  77 94 101 102 103 107 184 204 261 304 336 373 459
 485 (0.434103,0.703411)   9  5 20 67 116 212 263 374 392 437
 486 (0.143610,0.531813)   5  79 238 274 295 411
 487 (0.711350,0.274476)   6  31 70 89 190 309 420
 488 (0.531070,0.749726)   8  9 137 372 374 380 381 383 431
 489 (0.141303,0.949738)  15  65 78 108 118 134 144 168 176 180 246 290 334 436 444 470
 490 (0.160287,0.422799)   9  8 52 82 87 162 241 285 359 366
 491 (0.321772,0.017711)   4  151 315 388 447
 492 (0.735389,0.404521)   8  19 58 70 205 281 395 406 429
 493 (0.677252,0.755874)   9  21 33 115 240 258 275 341 347 461
 494 (0.721122,0.878999)   9  33 112 157 192 223 385 413 448 455
 495 (0.936334,0.388601)  10  1 55 139 141 160 200 207 226 358 452
 496 (0.030351,0.252192)   3  10 458 471
 497 (0.628726,0.077637)  14  6 36 136 155 201 242 257 269 386 403 417 422 460 464
 498 (0.338339,0.190638)  13  37 39 80 101 104 195 202 224 243 264 292 373 416
 499 (0.674991,0.950497)   8  120 140 157 172 192 286 288 385
 500 (0.095349,0.073728)   9  100 150 158 262 265 317 387 439 473
